1440 2
3.844000e+008 0.000000e+000 
3.843825e+008 3.683355e+006 
3.843301e+008 7.366376e+006 
3.842427e+008 1.104873e+007 
3.841204e+008 1.473007e+007 
3.839631e+008 1.841008e+007 
3.837709e+008 2.208841e+007 
3.835438e+008 2.576473e+007 
3.832818e+008 2.943871e+007 
3.829850e+008 3.311001e+007 
3.826533e+008 3.677830e+007 
3.822869e+008 4.044325e+007 
3.818857e+008 4.410452e+007 
3.814497e+008 4.776177e+007 
3.809790e+008 5.141469e+007 
3.804738e+008 5.506292e+007 
3.799339e+008 5.870615e+007 
3.793594e+008 6.234404e+007 
3.787505e+008 6.597626e+007 
3.781071e+008 6.960248e+007 
3.774293e+008 7.322237e+007 
3.767172e+008 7.683560e+007 
3.759709e+008 8.044184e+007 
3.751903e+008 8.404076e+007 
3.743756e+008 8.763204e+007 
3.735269e+008 9.121535e+007 
3.726443e+008 9.479036e+007 
3.717277e+008 9.835675e+007 
3.707773e+008 1.019142e+008 
3.697933e+008 1.054624e+008 
3.687756e+008 1.090009e+008 
3.677243e+008 1.125296e+008 
3.666397e+008 1.160480e+008 
3.655217e+008 1.195559e+008 
3.643704e+008 1.230529e+008 
3.631861e+008 1.265387e+008 
3.619687e+008 1.300130e+008 
3.607184e+008 1.334755e+008 
3.594353e+008 1.369258e+008 
3.581195e+008 1.403637e+008 
3.567712e+008 1.437888e+008 
3.553904e+008 1.472008e+008 
3.539773e+008 1.505994e+008 
3.525321e+008 1.539844e+008 
3.510547e+008 1.573553e+008 
3.495455e+008 1.607119e+008 
3.480045e+008 1.640539e+008 
3.464319e+008 1.673809e+008 
3.448278e+008 1.706928e+008 
3.431924e+008 1.739891e+008 
3.415257e+008 1.772695e+008 
3.398280e+008 1.805339e+008 
3.380995e+008 1.837818e+008 
3.363402e+008 1.870130e+008 
3.345503e+008 1.902272e+008 
3.327300e+008 1.934240e+008 
3.308795e+008 1.966033e+008 
3.289990e+008 1.997647e+008 
3.270885e+008 2.029079e+008 
3.251483e+008 2.060326e+008 
3.231786e+008 2.091386e+008 
3.211795e+008 2.122256e+008 
3.191512e+008 2.152932e+008 
3.170940e+008 2.183413e+008 
3.150079e+008 2.213695e+008 
3.128933e+008 2.243775e+008 
3.107502e+008 2.273651e+008 
3.085789e+008 2.303320e+008 
3.063795e+008 2.332780e+008 
3.041524e+008 2.362027e+008 
3.018976e+008 2.391060e+008 
2.996154e+008 2.419874e+008 
2.973060e+008 2.448469e+008 
2.949696e+008 2.476840e+008 
2.926065e+008 2.504987e+008 
2.902167e+008 2.532905e+008 
2.878007e+008 2.560592e+008 
2.853585e+008 2.588047e+008 
2.828904e+008 2.615266e+008 
2.803967e+008 2.642247e+008 
2.778775e+008 2.668987e+008 
2.753331e+008 2.695484e+008 
2.727637e+008 2.721736e+008 
2.701696e+008 2.747740e+008 
2.675510e+008 2.773494e+008 
2.649082e+008 2.798996e+008 
2.622413e+008 2.824243e+008 
2.595506e+008 2.849232e+008 
2.568364e+008 2.873962e+008 
2.540989e+008 2.898431e+008 
2.513384e+008 2.922636e+008 
2.485552e+008 2.946574e+008 
2.457494e+008 2.970244e+008 
2.429213e+008 2.993644e+008 
2.400713e+008 3.016771e+008 
2.371995e+008 3.039624e+008 
2.343062e+008 3.062199e+008 
2.313918e+008 3.084496e+008 
2.284564e+008 3.106512e+008 
2.255003e+008 3.128245e+008 
2.225238e+008 3.149693e+008 
2.195272e+008 3.170855e+008 
2.165108e+008 3.191727e+008 
2.134747e+008 3.212309e+008 
2.104194e+008 3.232599e+008 
2.073451e+008 3.252594e+008 
2.042520e+008 3.272293e+008 
2.011405e+008 3.291693e+008 
1.980109e+008 3.310794e+008 
1.948633e+008 3.329594e+008 
1.916982e+008 3.348090e+008 
1.885158e+008 3.366281e+008 
1.853164e+008 3.384166e+008 
1.821003e+008 3.401742e+008 
1.788678e+008 3.419009e+008 
1.756192e+008 3.435964e+008 
1.723548e+008 3.452606e+008 
1.690749e+008 3.468934e+008 
1.657798e+008 3.484945e+008 
1.624697e+008 3.500640e+008 
1.591451e+008 3.516015e+008 
1.558062e+008 3.531070e+008 
1.524533e+008 3.545804e+008 
1.490868e+008 3.560214e+008 
1.457068e+008 3.574300e+008 
1.423138e+008 3.588061e+008 
1.389081e+008 3.601495e+008 
1.354900e+008 3.614600e+008 
1.320597e+008 3.627377e+008 
1.286177e+008 3.639823e+008 
1.251642e+008 3.651937e+008 
1.216995e+008 3.663719e+008 
1.182240e+008 3.675167e+008 
1.147380e+008 3.686280e+008 
1.112418e+008 3.697058e+008 
1.077358e+008 3.707498e+008 
1.042202e+008 3.717601e+008 
1.006953e+008 3.727365e+008 
9.716160e+007 3.736790e+008 
9.361930e+007 3.745874e+008 
9.006877e+007 3.754618e+008 
8.651033e+007 3.763019e+008 
8.294430e+007 3.771077e+008 
7.937102e+007 3.778792e+008 
7.579082e+007 3.786162e+008 
7.220403e+007 3.793188e+008 
6.861098e+007 3.799868e+008 
6.501201e+007 3.806202e+008 
6.140744e+007 3.812190e+008 
5.779761e+007 3.817830e+008 
5.418286e+007 3.823123e+008 
5.056352e+007 3.828067e+008 
4.693992e+007 3.832662e+008 
4.331240e+007 3.836909e+008 
3.968130e+007 3.840806e+008 
3.604696e+007 3.844353e+008 
3.240970e+007 3.847551e+008 
2.876987e+007 3.850398e+008 
2.512780e+007 3.852894e+008 
2.148384e+007 3.855039e+008 
1.783831e+007 3.856833e+008 
1.419157e+007 3.858276e+008 
1.054394e+007 3.859368e+008 
6.895763e+006 3.860109e+008 
3.247381e+006 3.860498e+008 
-4.008684e+005 3.860535e+008 
-4.048647e+006 3.860221e+008 
-7.695617e+006 3.859556e+008 
-1.134144e+007 3.858539e+008 
-1.498578e+007 3.857171e+008 
-1.862829e+007 3.855452e+008 
-2.226863e+007 3.853382e+008 
-2.590648e+007 3.850962e+008 
-2.954149e+007 3.848191e+008 
-3.317332e+007 3.845069e+008 
-3.680164e+007 3.841598e+008 
-4.042610e+007 3.837777e+008 
-4.404637e+007 3.833607e+008 
-4.766212e+007 3.829089e+008 
-5.127301e+007 3.824221e+008 
-5.487870e+007 3.819007e+008 
-5.847886e+007 3.813444e+008 
-6.207315e+007 3.807535e+008 
-6.566123e+007 3.801279e+008 
-6.924278e+007 3.794678e+008 
-7.281746e+007 3.787732e+008 
-7.638494e+007 3.780441e+008 
-7.994488e+007 3.772807e+008 
-8.349696e+007 3.764830e+008 
-8.704083e+007 3.756510e+008 
-9.057618e+007 3.747849e+008 
-9.410268e+007 3.738848e+008 
-9.761999e+007 3.729507e+008 
-1.011278e+008 3.719826e+008 
-1.046257e+008 3.709808e+008 
-1.081135e+008 3.699453e+008 
-1.115908e+008 3.688762e+008 
-1.150573e+008 3.677736e+008 
-1.185126e+008 3.666375e+008 
-1.219565e+008 3.654682e+008 
-1.253886e+008 3.642658e+008 
-1.288086e+008 3.630302e+008 
-1.322162e+008 3.617617e+008 
-1.356110e+008 3.604604e+008 
-1.389928e+008 3.591263e+008 
-1.423612e+008 3.577597e+008 
-1.457159e+008 3.563607e+008 
-1.490566e+008 3.549293e+008 
-1.523830e+008 3.534657e+008 
-1.556948e+008 3.519701e+008 
-1.589917e+008 3.504426e+008 
-1.622733e+008 3.488833e+008 
-1.655393e+008 3.472924e+008 
-1.687895e+008 3.456701e+008 
-1.720236e+008 3.440164e+008 
-1.752412e+008 3.423316e+008 
-1.784420e+008 3.406158e+008 
-1.816258e+008 3.388691e+008 
-1.847922e+008 3.370918e+008 
-1.879409e+008 3.352840e+008 
-1.910718e+008 3.334459e+008 
-1.941843e+008 3.315776e+008 
-1.972784e+008 3.296793e+008 
-2.003536e+008 3.277512e+008 
-2.034097e+008 3.257935e+008 
-2.064464e+008 3.238064e+008 
-2.094635e+008 3.217900e+008 
-2.124605e+008 3.197446e+008 
-2.154374e+008 3.176703e+008 
-2.183937e+008 3.155673e+008 
-2.213292e+008 3.134359e+008 
-2.242436e+008 3.112762e+008 
-2.271367e+008 3.090884e+008 
-2.300082e+008 3.068728e+008 
-2.328578e+008 3.046295e+008 
-2.356852e+008 3.023588e+008 
-2.384902e+008 3.000609e+008 
-2.412725e+008 2.977359e+008 
-2.440319e+008 2.953842e+008 
-2.467681e+008 2.930059e+008 
-2.494808e+008 2.906013e+008 
-2.521698e+008 2.881706e+008 
-2.548349e+008 2.857140e+008 
-2.574757e+008 2.832317e+008 
-2.600921e+008 2.807240e+008 
-2.626837e+008 2.781912e+008 
-2.652504e+008 2.756333e+008 
-2.677920e+008 2.730508e+008 
-2.703080e+008 2.704439e+008 
-2.727985e+008 2.678127e+008 
-2.752630e+008 2.651576e+008 
-2.777014e+008 2.624787e+008 
-2.801134e+008 2.597765e+008 
-2.824988e+008 2.570510e+008 
-2.848574e+008 2.543025e+008 
-2.871890e+008 2.515314e+008 
-2.894934e+008 2.487379e+008 
-2.917702e+008 2.459221e+008 
-2.940194e+008 2.430846e+008 
-2.962407e+008 2.402253e+008 
-2.984339e+008 2.373448e+008 
-3.005987e+008 2.344431e+008 
-3.027351e+008 2.315206e+008 
-3.048427e+008 2.285776e+008 
-3.069215e+008 2.256144e+008 
-3.089711e+008 2.226312e+008 
-3.109914e+008 2.196283e+008 
-3.129823e+008 2.166060e+008 
-3.149434e+008 2.135645e+008 
-3.168747e+008 2.105042e+008 
-3.187760e+008 2.074254e+008 
-3.206470e+008 2.043284e+008 
-3.224876e+008 2.012133e+008 
-3.242977e+008 1.980806e+008 
-3.260770e+008 1.949306e+008 
-3.278254e+008 1.917634e+008 
-3.295428e+008 1.885795e+008 
-3.312289e+008 1.853791e+008 
-3.328836e+008 1.821626e+008 
-3.345067e+008 1.789302e+008 
-3.360982e+008 1.756822e+008 
-3.376578e+008 1.724190e+008 
-3.391854e+008 1.691408e+008 
-3.406808e+008 1.658480e+008 
-3.421440e+008 1.625409e+008 
-3.435747e+008 1.592198e+008 
-3.449729e+008 1.558850e+008 
-3.463384e+008 1.525368e+008 
-3.476711e+008 1.491755e+008 
-3.489708e+008 1.458015e+008 
-3.502375e+008 1.424151e+008 
-3.514710e+008 1.390166e+008 
-3.526712e+008 1.356063e+008 
-3.538380e+008 1.321845e+008 
-3.549712e+008 1.287516e+008 
-3.560709e+008 1.253079e+008 
-3.571368e+008 1.218537e+008 
-3.581688e+008 1.183893e+008 
-3.591669e+008 1.149151e+008 
-3.601310e+008 1.114315e+008 
-3.610610e+008 1.079386e+008 
-3.619568e+008 1.044369e+008 
-3.628183e+008 1.009267e+008 
-3.636454e+008 9.740834e+007 
-3.644381e+008 9.388212e+007 
-3.651962e+008 9.034840e+007 
-3.659198e+008 8.680750e+007 
-3.666087e+008 8.325976e+007 
-3.672628e+008 7.970551e+007 
-3.678822e+008 7.614510e+007 
-3.684667e+008 7.257886e+007 
-3.690164e+008 6.900713e+007 
-3.695310e+008 6.543024e+007 
-3.700107e+008 6.184854e+007 
-3.704553e+008 5.826237e+007 
-3.708648e+008 5.467206e+007 
-3.712393e+008 5.107795e+007 
-3.715785e+008 4.748039e+007 
-3.718825e+008 4.387971e+007 
-3.721514e+008 4.027626e+007 
-3.723849e+008 3.667037e+007 
-3.725832e+008 3.306239e+007 
-3.727462e+008 2.945267e+007 
-3.728739e+008 2.584153e+007 
-3.729663e+008 2.222933e+007 
-3.730234e+008 1.861641e+007 
-3.730451e+008 1.500311e+007 
-3.730315e+008 1.138976e+007 
-3.729825e+008 7.776721e+006 
-3.728983e+008 4.164325e+006 
-3.727787e+008 5.529165e+005 
-3.726238e+008 -3.057163e+006 
-3.724336e+008 -6.665572e+006 
-3.722081e+008 -1.027197e+007 
-3.719474e+008 -1.387601e+007 
-3.716514e+008 -1.747735e+007 
-3.713203e+008 -2.107566e+007 
-3.709539e+008 -2.467059e+007 
-3.705525e+008 -2.826181e+007 
-3.701159e+008 -3.184896e+007 
-3.696443e+008 -3.543172e+007 
-3.691377e+008 -3.900974e+007 
-3.685961e+008 -4.258269e+007 
-3.680195e+008 -4.615022e+007 
-3.674082e+008 -4.971200e+007 
-3.667620e+008 -5.326769e+007 
-3.660811e+008 -5.681695e+007 
-3.653655e+008 -6.035945e+007 
-3.646153e+008 -6.389486e+007 
-3.638305e+008 -6.742283e+007 
-3.630113e+008 -7.094303e+007 
-3.621577e+008 -7.445514e+007 
-3.612698e+008 -7.795882e+007 
-3.603476e+008 -8.145373e+007 
-3.593914e+008 -8.493954e+007 
-3.584011e+008 -8.841594e+007 
-3.573768e+008 -9.188257e+007 
-3.563187e+008 -9.533913e+007 
-3.552268e+008 -9.878528e+007 
-3.541012e+008 -1.022207e+008 
-3.529421e+008 -1.056450e+008 
-3.517496e+008 -1.090580e+008 
-3.505238e+008 -1.124593e+008 
-3.492647e+008 -1.158485e+008 
-3.479725e+008 -1.192254e+008 
-3.466474e+008 -1.225896e+008 
-3.452894e+008 -1.259408e+008 
-3.438987e+008 -1.292787e+008 
-3.424755e+008 -1.326030e+008 
-3.410197e+008 -1.359134e+008 
-3.395317e+008 -1.392095e+008 
-3.380114e+008 -1.424911e+008 
-3.364592e+008 -1.457577e+008 
-3.348750e+008 -1.490092e+008 
-3.332592e+008 -1.522453e+008 
-3.316117e+008 -1.554655e+008 
-3.299328e+008 -1.586696e+008 
-3.282226e+008 -1.618573e+008 
-3.264813e+008 -1.650283e+008 
-3.247091e+008 -1.681823e+008 
-3.229061e+008 -1.713191e+008 
-3.210725e+008 -1.744382e+008 
-3.192084e+008 -1.775394e+008 
-3.173141e+008 -1.806224e+008 
-3.153897e+008 -1.836870e+008 
-3.134353e+008 -1.867328e+008 
-3.114513e+008 -1.897595e+008 
-3.094377e+008 -1.927669e+008 
-3.073948e+008 -1.957547e+008 
-3.053228e+008 -1.987225e+008 
-3.032217e+008 -2.016702e+008 
-3.010920e+008 -2.045974e+008 
-2.989336e+008 -2.075038e+008 
-2.967469e+008 -2.103893e+008 
-2.945321e+008 -2.132534e+008 
-2.922893e+008 -2.160960e+008 
-2.900187e+008 -2.189168e+008 
-2.877207e+008 -2.217154e+008 
-2.853954e+008 -2.244917e+008 
-2.830429e+008 -2.272454e+008 
-2.806636e+008 -2.299762e+008 
-2.782577e+008 -2.326838e+008 
-2.758254e+008 -2.353681e+008 
-2.733668e+008 -2.380287e+008 
-2.708823e+008 -2.406654e+008 
-2.683721e+008 -2.432779e+008 
-2.658364e+008 -2.458661e+008 
-2.632755e+008 -2.484296e+008 
-2.606895e+008 -2.509682e+008 
-2.580788e+008 -2.534817e+008 
-2.554436e+008 -2.559698e+008 
-2.527841e+008 -2.584323e+008 
-2.501006e+008 -2.608690e+008 
-2.473933e+008 -2.632797e+008 
-2.446624e+008 -2.656640e+008 
-2.419084e+008 -2.680218e+008 
-2.391313e+008 -2.703529e+008 
-2.363315e+008 -2.726571e+008 
-2.335091e+008 -2.749341e+008 
-2.306646e+008 -2.771837e+008 
-2.277982e+008 -2.794057e+008 
-2.249100e+008 -2.815998e+008 
-2.220005e+008 -2.837660e+008 
-2.190698e+008 -2.859039e+008 
-2.161182e+008 -2.880135e+008 
-2.131461e+008 -2.900944e+008 
-2.101536e+008 -2.921464e+008 
-2.071412e+008 -2.941695e+008 
-2.041089e+008 -2.961634e+008 
-2.010573e+008 -2.981278e+008 
-1.979864e+008 -3.000627e+008 
-1.948967e+008 -3.019679e+008 
-1.917883e+008 -3.038431e+008 
-1.886617e+008 -3.056882e+008 
-1.855170e+008 -3.075030e+008 
-1.823546e+008 -3.092873e+008 
-1.791748e+008 -3.110410e+008 
-1.759779e+008 -3.127639e+008 
-1.727641e+008 -3.144558e+008 
-1.695338e+008 -3.161167e+008 
-1.662873e+008 -3.177462e+008 
-1.630249e+008 -3.193444e+008 
-1.597468e+008 -3.209109e+008 
-1.564534e+008 -3.224457e+008 
-1.531450e+008 -3.239487e+008 
-1.498220e+008 -3.254196e+008 
-1.464845e+008 -3.268584e+008 
-1.431330e+008 -3.282649e+008 
-1.397677e+008 -3.296390e+008 
-1.363890e+008 -3.309805e+008 
-1.329971e+008 -3.322894e+008 
-1.295924e+008 -3.335654e+008 
-1.261753e+008 -3.348086e+008 
-1.227459e+008 -3.360187e+008 
-1.193047e+008 -3.371956e+008 
-1.158520e+008 -3.383393e+008 
-1.123880e+008 -3.394496e+008 
-1.089132e+008 -3.405264e+008 
-1.054278e+008 -3.415696e+008 
-1.019321e+008 -3.425792e+008 
-9.842658e+007 -3.435550e+008 
-9.491143e+007 -3.444969e+008 
-9.138702e+007 -3.454049e+008 
-8.785367e+007 -3.462788e+008 
-8.431173e+007 -3.471186e+008 
-8.076150e+007 -3.479242e+008 
-7.720334e+007 -3.486955e+008 
-7.363757e+007 -3.494325e+008 
-7.006451e+007 -3.501350e+008 
-6.648451e+007 -3.508031e+008 
-6.289790e+007 -3.514366e+008 
-5.930501e+007 -3.520354e+008 
-5.570617e+007 -3.525996e+008 
-5.210172e+007 -3.531291e+008 
-4.849200e+007 -3.536238e+008 
-4.487734e+007 -3.540837e+008 
-4.125808e+007 -3.545087e+008 
-3.763455e+007 -3.548988e+008 
-3.400709e+007 -3.552540e+008 
-3.037604e+007 -3.555741e+008 
-2.674173e+007 -3.558593e+008 
-2.310451e+007 -3.561094e+008 
-1.946470e+007 -3.563245e+008 
-1.582266e+007 -3.565044e+008 
-1.217871e+007 -3.566493e+008 
-8.533205e+006 -3.567590e+008 
-4.886470e+006 -3.568336e+008 
-1.238848e+006 -3.568731e+008 
2.409323e+006 -3.568774e+008 
6.057703e+006 -3.568466e+008 
9.705954e+006 -3.567806e+008 
1.335374e+007 -3.566795e+008 
1.700071e+007 -3.565433e+008 
2.064655e+007 -3.563719e+008 
2.429090e+007 -3.561655e+008 
2.793343e+007 -3.559239e+008 
3.157380e+007 -3.556473e+008 
3.521168e+007 -3.553356e+008 
3.884673e+007 -3.549889e+008 
4.247860e+007 -3.546072e+008 
4.610697e+007 -3.541906e+008 
4.973150e+007 -3.537390e+008 
5.335185e+007 -3.532526e+008 
5.696768e+007 -3.527314e+008 
6.057867e+007 -3.521753e+008 
6.418447e+007 -3.515845e+008 
6.778476e+007 -3.509591e+008 
7.137920e+007 -3.502990e+008 
7.496746e+007 -3.496044e+008 
7.854920e+007 -3.488752e+008 
8.212409e+007 -3.481117e+008 
8.569181e+007 -3.473137e+008 
8.925203e+007 -3.464815e+008 
9.280441e+007 -3.456150e+008 
9.634862e+007 -3.447144e+008 
9.988434e+007 -3.437797e+008 
1.034112e+008 -3.428111e+008 
1.069290e+008 -3.418086e+008 
1.104373e+008 -3.407723e+008 
1.139358e+008 -3.397023e+008 
1.174242e+008 -3.385986e+008 
1.209021e+008 -3.374615e+008 
1.243693e+008 -3.362910e+008 
1.278254e+008 -3.350872e+008 
1.312701e+008 -3.338502e+008 
1.347031e+008 -3.325801e+008 
1.381240e+008 -3.312771e+008 
1.415326e+008 -3.299413e+008 
1.449285e+008 -3.285727e+008 
1.483115e+008 -3.271716e+008 
1.516811e+008 -3.257380e+008 
1.550372e+008 -3.242720e+008 
1.583794e+008 -3.227739e+008 
1.617073e+008 -3.212437e+008 
1.650207e+008 -3.196816e+008 
1.683193e+008 -3.180877e+008 
1.716027e+008 -3.164622e+008 
1.748707e+008 -3.148052e+008 
1.781230e+008 -3.131168e+008 
1.813592e+008 -3.113973e+008 
1.845791e+008 -3.096468e+008 
1.877823e+008 -3.078654e+008 
1.909687e+008 -3.060533e+008 
1.941378e+008 -3.042107e+008 
1.972894e+008 -3.023377e+008 
2.004232e+008 -3.004345e+008 
2.035389e+008 -2.985013e+008 
2.066362e+008 -2.965382e+008 
2.097148e+008 -2.945455e+008 
2.127745e+008 -2.925233e+008 
2.158150e+008 -2.904718e+008 
2.188360e+008 -2.883912e+008 
2.218372e+008 -2.862817e+008 
2.248183e+008 -2.841435e+008 
2.277791e+008 -2.819767e+008 
2.307193e+008 -2.797816e+008 
2.336386e+008 -2.775583e+008 
2.365367e+008 -2.753071e+008 
2.394135e+008 -2.730282e+008 
2.422685e+008 -2.707218e+008 
2.451017e+008 -2.683881e+008 
2.479126e+008 -2.660273e+008 
2.507010e+008 -2.636396e+008 
2.534668e+008 -2.612252e+008 
2.562096e+008 -2.587844e+008 
2.589291e+008 -2.563174e+008 
2.616252e+008 -2.538243e+008 
2.642976e+008 -2.513055e+008 
2.669460e+008 -2.487612e+008 
2.695702e+008 -2.461916e+008 
2.721700e+008 -2.435969e+008 
2.747450e+008 -2.409774e+008 
2.772952e+008 -2.383333e+008 
2.798202e+008 -2.356648e+008 
2.823198e+008 -2.329722e+008 
2.847938e+008 -2.302558e+008 
2.872419e+008 -2.275157e+008 
2.896640e+008 -2.247523e+008 
2.920598e+008 -2.219658e+008 
2.944291e+008 -2.191564e+008 
2.967716e+008 -2.163244e+008 
2.990872e+008 -2.134700e+008 
3.013757e+008 -2.105936e+008 
3.036368e+008 -2.076953e+008 
3.058703e+008 -2.047755e+008 
3.080761e+008 -2.018344e+008 
3.102538e+008 -1.988723e+008 
3.124034e+008 -1.958894e+008 
3.145246e+008 -1.928860e+008 
3.166173e+008 -1.898624e+008 
3.186812e+008 -1.868189e+008 
3.207161e+008 -1.837557e+008 
3.227219e+008 -1.806732e+008 
3.246984e+008 -1.775716e+008 
3.266454e+008 -1.744511e+008 
3.285627e+008 -1.713121e+008 
3.304501e+008 -1.681549e+008 
3.323076e+008 -1.649797e+008 
3.341348e+008 -1.617869e+008 
3.359317e+008 -1.585766e+008 
3.376980e+008 -1.553493e+008 
3.394336e+008 -1.521052e+008 
3.411384e+008 -1.488446e+008 
3.428122e+008 -1.455678e+008 
3.444549e+008 -1.422751e+008 
3.460662e+008 -1.389669e+008 
3.476460e+008 -1.356433e+008 
3.491943e+008 -1.323047e+008 
3.507108e+008 -1.289514e+008 
3.521955e+008 -1.255837e+008 
3.536481e+008 -1.222020e+008 
3.550686e+008 -1.188065e+008 
3.564568e+008 -1.153975e+008 
3.578126e+008 -1.119754e+008 
3.591359e+008 -1.085404e+008 
3.604265e+008 -1.050929e+008 
3.616843e+008 -1.016332e+008 
3.629093e+008 -9.816164e+007 
3.641013e+008 -9.467845e+007 
3.652601e+008 -9.118399e+007 
3.663858e+008 -8.767859e+007 
3.674781e+008 -8.416255e+007 
3.685370e+008 -8.063621e+007 
3.695624e+008 -7.709988e+007 
3.705542e+008 -7.355388e+007 
3.715124e+008 -6.999854e+007 
3.724367e+008 -6.643417e+007 
3.733272e+008 -6.286111e+007 
3.741837e+008 -5.927968e+007 
3.750062e+008 -5.569020e+007 
3.757946e+008 -5.209301e+007 
3.765488e+008 -4.848842e+007 
3.772687e+008 -4.487677e+007 
3.779544e+008 -4.125838e+007 
3.786057e+008 -3.763359e+007 
3.792226e+008 -3.400272e+007 
3.798049e+008 -3.036610e+007 
3.803528e+008 -2.672407e+007 
3.808660e+008 -2.307696e+007 
3.813446e+008 -1.942509e+007 
3.817886e+008 -1.576880e+007 
3.821978e+008 -1.210843e+007 
3.825722e+008 -8.444296e+006 
3.829119e+008 -4.776744e+006 
3.832167e+008 -1.106105e+006 
3.834867e+008 2.567289e+006 
3.837218e+008 6.243103e+006 
3.839220e+008 9.921003e+006 
3.840873e+008 1.360065e+007 
3.842177e+008 1.728172e+007 
3.843131e+008 2.096387e+007 
3.843736e+008 2.464677e+007 
3.843991e+008 2.833007e+007 
3.843896e+008 3.201346e+007 
3.843452e+008 3.569659e+007 
3.842659e+008 3.937912e+007 
3.841516e+008 4.306073e+007 
3.840023e+008 4.674107e+007 
3.838181e+008 5.041981e+007 
3.835991e+008 5.409663e+007 
3.833451e+008 5.777118e+007 
3.830563e+008 6.144312e+007 
3.827326e+008 6.511214e+007 
3.823741e+008 6.877788e+007 
3.819809e+008 7.244002e+007 
3.815529e+008 7.609823e+007 
3.810902e+008 7.975217e+007 
3.805929e+008 8.340151e+007 
3.800610e+008 8.704592e+007 
3.794944e+008 9.068506e+007 
3.788934e+008 9.431862e+007 
3.782579e+008 9.794624e+007 
3.775880e+008 1.015676e+008 
3.768838e+008 1.051824e+008 
3.761453e+008 1.087903e+008 
3.753726e+008 1.123909e+008 
3.745658e+008 1.159840e+008 
3.737249e+008 1.195691e+008 
3.728500e+008 1.231461e+008 
3.719413e+008 1.267145e+008 
3.709987e+008 1.302740e+008 
3.700223e+008 1.338244e+008 
3.690123e+008 1.373652e+008 
3.679688e+008 1.408961e+008 
3.668918e+008 1.444170e+008 
3.657814e+008 1.479273e+008 
3.646378e+008 1.514268e+008 
3.634611e+008 1.549152e+008 
3.622513e+008 1.583922e+008 
3.610085e+008 1.618574e+008 
3.597329e+008 1.653105e+008 
3.584246e+008 1.687513e+008 
3.570838e+008 1.721794e+008 
3.557105e+008 1.755944e+008 
3.543048e+008 1.789962e+008 
3.528669e+008 1.823843e+008 
3.513970e+008 1.857584e+008 
3.498951e+008 1.891183e+008 
3.483614e+008 1.924637e+008 
3.467960e+008 1.957942e+008 
3.451991e+008 1.991096e+008 
3.435708e+008 2.024095e+008 
3.419113e+008 2.056936e+008 
3.402208e+008 2.089617e+008 
3.384993e+008 2.122134e+008 
3.367470e+008 2.154485e+008 
3.349642e+008 2.186666e+008 
3.331509e+008 2.218675e+008 
3.313073e+008 2.250508e+008 
3.294336e+008 2.282163e+008 
3.275300e+008 2.313637e+008 
3.255966e+008 2.344927e+008 
3.236337e+008 2.376030e+008 
3.216413e+008 2.406944e+008 
3.196198e+008 2.437665e+008 
3.175691e+008 2.468191e+008 
3.154897e+008 2.498519e+008 
3.133816e+008 2.528645e+008 
3.112450e+008 2.558569e+008 
3.090801e+008 2.588286e+008 
3.068872e+008 2.617794e+008 
3.046664e+008 2.647090e+008 
3.024180e+008 2.676172e+008 
3.001421e+008 2.705037e+008 
2.978389e+008 2.733682e+008 
2.955087e+008 2.762105e+008 
2.931517e+008 2.790304e+008 
2.907681e+008 2.818274e+008 
2.883580e+008 2.846015e+008 
2.859218e+008 2.873523e+008 
2.834597e+008 2.900797e+008 
2.809718e+008 2.927832e+008 
2.784585e+008 2.954628e+008 
2.759198e+008 2.981182e+008 
2.733562e+008 3.007490e+008 
2.707677e+008 3.033551e+008 
2.681547e+008 3.059363e+008 
2.655174e+008 3.084923e+008 
2.628560e+008 3.110228e+008 
2.601708e+008 3.135277e+008 
2.574620e+008 3.160067e+008 
2.547298e+008 3.184596e+008 
2.519746e+008 3.208862e+008 
2.491965e+008 3.232861e+008 
2.463959e+008 3.256593e+008 
2.435729e+008 3.280055e+008 
2.407279e+008 3.303245e+008 
2.378611e+008 3.326161e+008 
2.349728e+008 3.348801e+008 
2.320631e+008 3.371162e+008 
2.291325e+008 3.393242e+008 
2.261812e+008 3.415041e+008 
2.232093e+008 3.436555e+008 
2.202173e+008 3.457782e+008 
2.172054e+008 3.478721e+008 
2.141739e+008 3.499370e+008 
2.111230e+008 3.519727e+008 
2.080530e+008 3.539790e+008 
2.049642e+008 3.559557e+008 
2.018569e+008 3.579026e+008 
1.987314e+008 3.598196e+008 
1.955879e+008 3.617065e+008 
1.924268e+008 3.635631e+008 
1.892484e+008 3.653892e+008 
1.860529e+008 3.671847e+008 
1.828406e+008 3.689495e+008 
1.796118e+008 3.706833e+008 
1.763669e+008 3.723859e+008 
1.731061e+008 3.740574e+008 
1.698297e+008 3.756974e+008 
1.665380e+008 3.773058e+008 
1.632314e+008 3.788825e+008 
1.599101e+008 3.804274e+008 
1.565744e+008 3.819403e+008 
1.532247e+008 3.834210e+008 
1.498613e+008 3.848695e+008 
1.464844e+008 3.862856e+008 
1.430944e+008 3.876692e+008 
1.396916e+008 3.890201e+008 
1.362763e+008 3.903382e+008 
1.328488e+008 3.916234e+008 
1.294094e+008 3.928756e+008 
1.259585e+008 3.940947e+008 
1.224964e+008 3.952805e+008 
1.190233e+008 3.964330e+008 
1.155397e+008 3.975520e+008 
1.120458e+008 3.986374e+008 
1.085420e+008 3.996893e+008 
1.050285e+008 4.007073e+008 
1.015058e+008 4.016915e+008 
9.797408e+007 4.026418e+008 
9.443372e+007 4.035581e+008 
9.088505e+007 4.044402e+008 
8.732840e+007 4.052882e+008 
8.376408e+007 4.061019e+008 
8.019244e+007 4.068813e+008 
7.661380e+007 4.076263e+008 
7.302849e+007 4.083368e+008 
6.943685e+007 4.090127e+008 
6.583920e+007 4.096541e+008 
6.223589e+007 4.102608e+008 
5.862724e+007 4.108328e+008 
5.501359e+007 4.113700e+008 
5.139527e+007 4.118725e+008 
4.777262e+007 4.123401e+008 
4.414597e+007 4.127727e+008 
4.051566e+007 4.131705e+008 
3.688203e+007 4.135332e+008 
3.324541e+007 4.138610e+008 
2.960614e+007 4.141537e+008 
2.596455e+007 4.144114e+008 
2.232099e+007 4.146340e+008 
1.867579e+007 4.148215e+008 
1.502930e+007 4.149739e+008 
1.138184e+007 4.150911e+008 
7.733759e+006 4.151733e+008 
4.085394e+006 4.152202e+008 
4.370828e+005 4.152320e+008 
-3.210836e+006 4.152087e+008 
-6.858023e+006 4.151503e+008 
-1.050414e+007 4.150567e+008 
-1.414885e+007 4.149279e+008 
-1.779181e+007 4.147641e+008 
-2.143269e+007 4.145652e+008 
-2.507114e+007 4.143311e+008 
-2.870683e+007 4.140621e+008 
-3.233942e+007 4.137580e+008 
-3.596858e+007 4.134189e+008 
-3.959396e+007 4.130448e+008 
-4.321522e+007 4.126359e+008 
-4.683204e+007 4.121920e+008 
-5.044408e+007 4.117133e+008 
-5.405099e+007 4.111998e+008 
-5.765245e+007 4.106515e+008 
-6.124812e+007 4.100686e+008 
-6.483766e+007 4.094510e+008 
-6.842074e+007 4.087988e+008 
-7.199703e+007 4.081121e+008 
-7.556619e+007 4.073909e+008 
-7.912790e+007 4.066354e+008 
-8.268181e+007 4.058455e+008 
-8.622760e+007 4.050214e+008 
-8.976494e+007 4.041632e+008 
-9.329350e+007 4.032708e+008 
-9.681295e+007 4.023445e+008 
-1.003230e+008 4.013842e+008 
-1.038232e+008 4.003902e+008 
-1.073134e+008 3.993624e+008 
-1.107931e+008 3.983010e+008 
-1.142621e+008 3.972061e+008 
-1.177200e+008 3.960777e+008 
-1.211666e+008 3.949160e+008 
-1.246014e+008 3.937211e+008 
-1.280242e+008 3.924932e+008 
-1.314347e+008 3.912322e+008 
-1.348324e+008 3.899384e+008 
-1.382173e+008 3.886119e+008 
-1.415888e+008 3.872528e+008 
-1.449466e+008 3.858611e+008 
-1.482906e+008 3.844372e+008 
-1.516203e+008 3.829810e+008 
-1.549355e+008 3.814927e+008 
-1.582358e+008 3.799725e+008 
-1.615209e+008 3.784205e+008 
-1.647906e+008 3.768369e+008 
-1.680445e+008 3.752217e+008 
-1.712822e+008 3.735752e+008 
-1.745036e+008 3.718976e+008 
-1.777084e+008 3.701889e+008 
-1.808961e+008 3.684493e+008 
-1.840665e+008 3.666790e+008 
-1.872193e+008 3.648782e+008 
-1.903543e+008 3.630470e+008 
-1.934711e+008 3.611856e+008 
-1.965694e+008 3.592942e+008 
-1.996490e+008 3.573729e+008 
-2.027095e+008 3.554220e+008 
-2.057507e+008 3.534416e+008 
-2.087723e+008 3.514320e+008 
-2.117740e+008 3.493932e+008 
-2.147555e+008 3.473255e+008 
-2.177165e+008 3.452291e+008 
-2.206568e+008 3.431042e+008 
-2.235761e+008 3.409510e+008 
-2.264741e+008 3.387696e+008 
-2.293506e+008 3.365604e+008 
-2.322052e+008 3.343234e+008 
-2.350378e+008 3.320590e+008 
-2.378480e+008 3.297673e+008 
-2.406355e+008 3.274486e+008 
-2.434002e+008 3.251030e+008 
-2.461417e+008 3.227308e+008 
-2.488599e+008 3.203322e+008 
-2.515544e+008 3.179074e+008 
-2.542249e+008 3.154567e+008 
-2.568713e+008 3.129803e+008 
-2.594934e+008 3.104785e+008 
-2.620907e+008 3.079514e+008 
-2.646632e+008 3.053993e+008 
-2.672105e+008 3.028224e+008 
-2.697324e+008 3.002210e+008 
-2.722288e+008 2.975954e+008 
-2.746993e+008 2.949458e+008 
-2.771437e+008 2.922723e+008 
-2.795618e+008 2.895754e+008 
-2.819533e+008 2.868552e+008 
-2.843181e+008 2.841120e+008 
-2.866559e+008 2.813461e+008 
-2.889666e+008 2.785577e+008 
-2.912497e+008 2.757470e+008 
-2.935053e+008 2.729144e+008 
-2.957330e+008 2.700602e+008 
-2.979327e+008 2.671845e+008 
-3.001041e+008 2.642876e+008 
-3.022470e+008 2.613699e+008 
-3.043613e+008 2.584316e+008 
-3.064466e+008 2.554730e+008 
-3.085030e+008 2.524943e+008 
-3.105300e+008 2.494959e+008 
-3.125277e+008 2.464780e+008 
-3.144957e+008 2.434410e+008 
-3.164338e+008 2.403850e+008 
-3.183420e+008 2.373104e+008 
-3.202200e+008 2.342175e+008 
-3.220676e+008 2.311066e+008 
-3.238847e+008 2.279779e+008 
-3.256711e+008 2.248318e+008 
-3.274266e+008 2.216686e+008 
-3.291511e+008 2.184885e+008 
-3.308444e+008 2.152918e+008 
-3.325063e+008 2.120790e+008 
-3.341367e+008 2.088502e+008 
-3.357355e+008 2.056058e+008 
-3.373024e+008 2.023460e+008 
-3.388374e+008 1.990713e+008 
-3.403402e+008 1.957818e+008 
-3.418108e+008 1.924779e+008 
-3.432490e+008 1.891600e+008 
-3.446547e+008 1.858283e+008 
-3.460277e+008 1.824831e+008 
-3.473679e+008 1.791249e+008 
-3.486753e+008 1.757538e+008 
-3.499495e+008 1.723702e+008 
-3.511907e+008 1.689744e+008 
-3.523985e+008 1.655668e+008 
-3.535730e+008 1.621476e+008 
-3.547139e+008 1.587172e+008 
-3.558213e+008 1.552760e+008 
-3.568950e+008 1.518241e+008 
-3.579348e+008 1.483621e+008 
-3.589407e+008 1.448901e+008 
-3.599126e+008 1.414086e+008 
-3.608505e+008 1.379178e+008 
-3.617541e+008 1.344181e+008 
-3.626235e+008 1.309099e+008 
-3.634585e+008 1.273933e+008 
-3.642591e+008 1.238689e+008 
-3.650252e+008 1.203369e+008 
-3.657567e+008 1.167976e+008 
-3.664535e+008 1.132514e+008 
-3.671157e+008 1.096986e+008 
-3.677430e+008 1.061396e+008 
-3.683356e+008 1.025746e+008 
-3.688932e+008 9.900414e+007 
-3.694159e+008 9.542841e+007 
-3.699036e+008 9.184778e+007 
-3.703563e+008 8.826260e+007 
-3.707739e+008 8.467321e+007 
-3.711564e+008 8.107995e+007 
-3.715037e+008 7.748315e+007 
-3.718158e+008 7.388315e+007 
-3.720927e+008 7.028031e+007 
-3.723344e+008 6.667495e+007 
-3.725408e+008 6.306742e+007 
-3.727119e+008 5.945807e+007 
-3.728477e+008 5.584723e+007 
-3.729482e+008 5.223524e+007 
-3.730134e+008 4.862246e+007 
-3.730432e+008 4.500921e+007 
-3.730377e+008 4.139584e+007 
-3.729969e+008 3.778270e+007 
-3.729207e+008 3.417013e+007 
-3.728093e+008 3.055846e+007 
-3.726625e+008 2.694805e+007 
-3.724804e+008 2.333922e+007 
-3.722630e+008 1.973234e+007 
-3.720104e+008 1.612772e+007 
-3.717225e+008 1.252573e+007 
-3.713994e+008 8.926693e+006 
-3.710412e+008 5.330956e+006 
-3.706478e+008 1.738859e+006 
-3.702193e+008 -1.849258e+006 
-3.697557e+008 -5.433056e+006 
-3.692571e+008 -9.012194e+006 
-3.687235e+008 -1.258633e+007 
-3.681550e+008 -1.615514e+007 
-3.675516e+008 -1.971827e+007 
-3.669135e+008 -2.327539e+007 
-3.662405e+008 -2.682615e+007 
-3.655329e+008 -3.037024e+007 
-3.647906e+008 -3.390730e+007 
-3.640138e+008 -3.743701e+007 
-3.632025e+008 -4.095903e+007 
-3.623568e+008 -4.447303e+007 
-3.614767e+008 -4.797867e+007 
-3.605624e+008 -5.147562e+007 
-3.596140e+008 -5.496355e+007 
-3.586315e+008 -5.844214e+007 
-3.576150e+008 -6.191104e+007 
-3.565647e+008 -6.536995e+007 
-3.554805e+008 -6.881851e+007 
-3.543627e+008 -7.225642e+007 
-3.532113e+008 -7.568334e+007 
-3.520264e+008 -7.909895e+007 
-3.508082e+008 -8.250293e+007 
-3.495568e+008 -8.589495e+007 
-3.482722e+008 -8.927469e+007 
-3.469546e+008 -9.264184e+007 
-3.456042e+008 -9.599607e+007 
-3.442210e+008 -9.933708e+007 
-3.428052e+008 -1.026645e+008 
-3.413569e+008 -1.059781e+008 
-3.398763e+008 -1.092775e+008 
-3.383634e+008 -1.125625e+008 
-3.368185e+008 -1.158326e+008 
-3.352417e+008 -1.190876e+008 
-3.336331e+008 -1.223272e+008 
-3.319928e+008 -1.255511e+008 
-3.303211e+008 -1.287589e+008 
-3.286181e+008 -1.319504e+008 
-3.268840e+008 -1.351253e+008 
-3.251188e+008 -1.382832e+008 
-3.233229e+008 -1.414239e+008 
-3.214963e+008 -1.445471e+008 
-3.196392e+008 -1.476525e+008 
-3.177518e+008 -1.507397e+008 
-3.158343e+008 -1.538085e+008 
-3.138868e+008 -1.568587e+008 
-3.119096e+008 -1.598898e+008 
-3.099028e+008 -1.629017e+008 
-3.078666e+008 -1.658940e+008 
-3.058012e+008 -1.688664e+008 
-3.037068e+008 -1.718187e+008 
-3.015836e+008 -1.747507e+008 
-2.994318e+008 -1.776619e+008 
-2.972516e+008 -1.805522e+008 
-2.950432e+008 -1.834213e+008 
-2.928068e+008 -1.862688e+008 
-2.905426e+008 -1.890946e+008 
-2.882509e+008 -1.918984e+008 
-2.859318e+008 -1.946798e+008 
-2.835856e+008 -1.974387e+008 
-2.812124e+008 -2.001748e+008 
-2.788126e+008 -2.028878e+008 
-2.763863e+008 -2.055774e+008 
-2.739338e+008 -2.082435e+008 
-2.714552e+008 -2.108857e+008 
-2.689509e+008 -2.135038e+008 
-2.664210e+008 -2.160975e+008 
-2.638659e+008 -2.186667e+008 
-2.612856e+008 -2.212111e+008 
-2.586806e+008 -2.237303e+008 
-2.560510e+008 -2.262243e+008 
-2.533970e+008 -2.286927e+008 
-2.507190e+008 -2.311354e+008 
-2.480171e+008 -2.335520e+008 
-2.452917e+008 -2.359425e+008 
-2.425429e+008 -2.383064e+008 
-2.397711e+008 -2.406437e+008 
-2.369765e+008 -2.429540e+008 
-2.341593e+008 -2.452373e+008 
-2.313199e+008 -2.474932e+008 
-2.284584e+008 -2.497215e+008 
-2.255752e+008 -2.519221e+008 
-2.226706e+008 -2.540947e+008 
-2.197447e+008 -2.562391e+008 
-2.167979e+008 -2.583552e+008 
-2.138305e+008 -2.604427e+008 
-2.108427e+008 -2.625014e+008 
-2.078348e+008 -2.645312e+008 
-2.048071e+008 -2.665318e+008 
-2.017598e+008 -2.685030e+008 
-1.986934e+008 -2.704447e+008 
-1.956079e+008 -2.723567e+008 
-1.925039e+008 -2.742388e+008 
-1.893814e+008 -2.760908e+008 
-1.862408e+008 -2.779126e+008 
-1.830825e+008 -2.797039e+008 
-1.799067e+008 -2.814646e+008 
-1.767136e+008 -2.831946e+008 
-1.735037e+008 -2.848937e+008 
-1.702772e+008 -2.865617e+008 
-1.670344e+008 -2.881985e+008 
-1.637755e+008 -2.898038e+008 
-1.605010e+008 -2.913776e+008 
-1.572112e+008 -2.929198e+008 
-1.539062e+008 -2.944301e+008 
-1.505865e+008 -2.959084e+008 
-1.472523e+008 -2.973545e+008 
-1.439040e+008 -2.987685e+008 
-1.405418e+008 -3.001500e+008 
-1.371662e+008 -3.014990e+008 
-1.337773e+008 -3.028154e+008 
-1.303755e+008 -3.040990e+008 
-1.269612e+008 -3.053497e+008 
-1.235346e+008 -3.065674e+008 
-1.200961e+008 -3.077519e+008 
-1.166460e+008 -3.089033e+008 
-1.131846e+008 -3.100212e+008 
-1.097123e+008 -3.111058e+008 
-1.062292e+008 -3.121567e+008 
-1.027359e+008 -3.131740e+008 
-9.923261e+007 -3.141576e+008 
-9.571963e+007 -3.151073e+008 
-9.219732e+007 -3.160231e+008 
-8.866600e+007 -3.169048e+008 
-8.512600e+007 -3.177525e+008 
-8.157765e+007 -3.185659e+008 
-7.802128e+007 -3.193451e+008 
-7.445723e+007 -3.200900e+008 
-7.088582e+007 -3.208004e+008 
-6.730739e+007 -3.214764e+008 
-6.372227e+007 -3.221178e+008 
-6.013079e+007 -3.227247e+008 
-5.653329e+007 -3.232968e+008 
-5.293010e+007 -3.238343e+008 
-4.932156e+007 -3.243370e+008 
-4.570801e+007 -3.248049e+008 
-4.208977e+007 -3.252379e+008 
-3.846719e+007 -3.256360e+008 
-3.484061e+007 -3.259992e+008 
-3.121035e+007 -3.263274e+008 
-2.757676e+007 -3.266206e+008 
-2.394018e+007 -3.268788e+008 
-2.030094e+007 -3.271019e+008 
-1.665939e+007 -3.272899e+008 
-1.301585e+007 -3.274429e+008 
-9.370671e+006 -3.275607e+008 
-5.724189e+006 -3.276433e+008 
-2.076742e+006 -3.276909e+008 
1.571331e+006 -3.277033e+008 
5.219691e+006 -3.276805e+008 
8.868001e+006 -3.276226e+008 
1.251592e+007 -3.275296e+008 
1.616311e+007 -3.274014e+008 
1.980924e+007 -3.272381e+008 
2.345396e+007 -3.270397e+008 
2.709693e+007 -3.268062e+008 
3.073783e+007 -3.265376e+008 
3.437631e+007 -3.262340e+008 
3.801203e+007 -3.258953e+008 
4.164467e+007 -3.255217e+008 
4.527387e+007 -3.251131e+008 
4.889931e+007 -3.246696e+008 
5.252064e+007 -3.241911e+008 
5.613754e+007 -3.236779e+008 
5.974967e+007 -3.231298e+008 
6.335669e+007 -3.225470e+008 
6.695828e+007 -3.219295e+008 
7.055409e+007 -3.212774e+008 
7.414379e+007 -3.205907e+008 
7.772706e+007 -3.198695e+008 
8.130356e+007 -3.191138e+008 
8.487295e+007 -3.183238e+008 
8.843492e+007 -3.174994e+008 
9.198912e+007 -3.166408e+008 
9.553524e+007 -3.157480e+008 
9.907294e+007 -3.148212e+008 
1.026019e+008 -3.138603e+008 
1.061218e+008 -3.128656e+008 
1.096323e+008 -3.118370e+008 
1.131330e+008 -3.107747e+008 
1.166238e+008 -3.096788e+008 
1.201041e+008 -3.085494e+008 
1.235738e+008 -3.073865e+008 
1.270325e+008 -3.061904e+008 
1.304798e+008 -3.049610e+008 
1.339155e+008 -3.036985e+008 
1.373393e+008 -3.024031e+008 
1.407507e+008 -3.010748e+008 
1.441496e+008 -2.997137e+008 
1.475356e+008 -2.983200e+008 
1.509083e+008 -2.968939e+008 
1.542675e+008 -2.954353e+008 
1.576129e+008 -2.939446e+008 
1.609441e+008 -2.924217e+008 
1.642609e+008 -2.908669e+008 
1.675629e+008 -2.892803e+008 
1.708498e+008 -2.876621e+008 
1.741214e+008 -2.860123e+008 
1.773773e+008 -2.843311e+008 
1.806172e+008 -2.826188e+008 
1.838409e+008 -2.808754e+008 
1.870480e+008 -2.791010e+008 
1.902382e+008 -2.772960e+008 
1.934113e+008 -2.754604e+008 
1.965670e+008 -2.735943e+008 
1.997049e+008 -2.716981e+008 
2.028248e+008 -2.697717e+008 
2.059263e+008 -2.678155e+008 
2.090093e+008 -2.658296e+008 
2.120734e+008 -2.638142e+008 
2.151183e+008 -2.617694e+008 
2.181438e+008 -2.596955e+008 
2.211495e+008 -2.575926e+008 
2.241353e+008 -2.554609e+008 
2.271008e+008 -2.533007e+008 
2.300457e+008 -2.511121e+008 
2.329698e+008 -2.488952e+008 
2.358729e+008 -2.466505e+008 
2.387545e+008 -2.443779e+008 
2.416146e+008 -2.420778e+008 
2.444528e+008 -2.397503e+008 
2.472688e+008 -2.373957e+008 
2.500625e+008 -2.350141e+008 
2.528335e+008 -2.326059e+008 
2.555815e+008 -2.301711e+008 
2.583065e+008 -2.277101e+008 
2.610080e+008 -2.252230e+008 
2.636858e+008 -2.227102e+008 
2.663397e+008 -2.201717e+008 
2.689695e+008 -2.176079e+008 
2.715749e+008 -2.150189e+008 
2.741557e+008 -2.124051e+008 
2.767116e+008 -2.097666e+008 
2.792424e+008 -2.071037e+008 
2.817478e+008 -2.044166e+008 
2.842277e+008 -2.017056e+008 
2.866818e+008 -1.989710e+008 
2.891099e+008 -1.962129e+008 
2.915118e+008 -1.934316e+008 
2.938872e+008 -1.906275e+008 
2.962359e+008 -1.878006e+008 
2.985577e+008 -1.849514e+008 
3.008524e+008 -1.820800e+008 
3.031198e+008 -1.791868e+008 
3.053597e+008 -1.762719e+008 
3.075718e+008 -1.733356e+008 
3.097560e+008 -1.703783e+008 
3.119121e+008 -1.674002e+008 
3.140399e+008 -1.644015e+008 
3.161391e+008 -1.613825e+008 
3.182096e+008 -1.583436e+008 
3.202512e+008 -1.552849e+008 
3.222637e+008 -1.522068e+008 
3.242469e+008 -1.491095e+008 
3.262007e+008 -1.459933e+008 
3.281249e+008 -1.428586e+008 
3.300192e+008 -1.397055e+008 
3.318835e+008 -1.365344e+008 
3.337177e+008 -1.333456e+008 
3.355216e+008 -1.301393e+008 
3.372949e+008 -1.269159e+008 
3.390376e+008 -1.236757e+008 
3.407495e+008 -1.204188e+008 
3.424305e+008 -1.171457e+008 
3.440803e+008 -1.138567e+008 
3.456988e+008 -1.105519e+008 
3.472859e+008 -1.072319e+008 
3.488414e+008 -1.038967e+008 
3.503653e+008 -1.005468e+008 
3.518572e+008 -9.718238e+007 
3.533172e+008 -9.380385e+007 
3.547451e+008 -9.041148e+007 
3.561408e+008 -8.700557e+007 
3.575040e+008 -8.358644e+007 
3.588348e+008 -8.015440e+007 
3.601329e+008 -7.670976e+007 
3.613983e+008 -7.325283e+007 
3.626308e+008 -6.978393e+007 
3.638303e+008 -6.630338e+007 
3.649968e+008 -6.281148e+007 
3.661301e+008 -5.930856e+007 
3.672301e+008 -5.579494e+007 
3.682967e+008 -5.227094e+007 
3.693298e+008 -4.873688e+007 
3.703294e+008 -4.519307e+007 
3.712952e+008 -4.163985e+007 
3.722273e+008 -3.807753e+007 
3.731256e+008 -3.450644e+007 
3.739899e+008 -3.092690e+007 
3.748202e+008 -2.733924e+007 
3.756165e+008 -2.374379e+007 
3.763785e+008 -2.014087e+007 
3.771064e+008 -1.653082e+007 
3.777999e+008 -1.291395e+007 
3.784591e+008 -9.290597e+006 
3.790839e+008 -5.661094e+006 
3.796742e+008 -2.025769e+006 
3.802300e+008 1.615047e+006 
3.807512e+008 5.261023e+006 
3.812378e+008 8.911828e+006 
3.816897e+008 1.256713e+007 
3.821068e+008 1.622660e+007 
3.824893e+008 1.988989e+007 
3.828369e+008 2.355669e+007 
3.831498e+008 2.722665e+007 
3.834278e+008 3.089944e+007 
3.836709e+008 3.457473e+007 
3.838791e+008 3.825218e+007 
3.840524e+008 4.193145e+007 
3.841908e+008 4.561222e+007 
3.842943e+008 4.929415e+007 
3.843628e+008 5.297691e+007 
3.843963e+008 5.666015e+007 
3.843949e+008 6.034355e+007 
3.843585e+008 6.402676e+007 
3.842872e+008 6.770946e+007 
3.841809e+008 7.139131e+007 
3.840397e+008 7.507198e+007 
3.838635e+008 7.875112e+007 
3.836525e+008 8.242841e+007 
3.834065e+008 8.610350e+007 
3.831257e+008 8.977608e+007 
3.828101e+008 9.344579e+007 
3.824596e+008 9.711232e+007 
3.820743e+008 1.007753e+008 
3.816543e+008 1.044345e+008 
3.811996e+008 1.080894e+008 
3.807102e+008 1.117398e+008 
3.801862e+008 1.153854e+008 
3.796276e+008 1.190258e+008 
3.790345e+008 1.226607e+008 
3.784070e+008 1.262897e+008 
3.777450e+008 1.299125e+008 
3.770487e+008 1.335288e+008 
3.763180e+008 1.371383e+008 
3.755532e+008 1.407407e+008 
3.747542e+008 1.443355e+008 
3.739211e+008 1.479225e+008 
3.730540e+008 1.515014e+008 
3.721530e+008 1.550718e+008 
3.712182e+008 1.586334e+008 
3.702496e+008 1.621858e+008 
3.692473e+008 1.657289e+008 
3.682115e+008 1.692621e+008 
3.671422e+008 1.727853e+008 
3.660395e+008 1.762981e+008 
3.649035e+008 1.798001e+008 
3.637343e+008 1.832911e+008 
3.625321e+008 1.867707e+008 
3.612969e+008 1.902387e+008 
3.600289e+008 1.936946e+008 
3.587281e+008 1.971382e+008 
3.573947e+008 2.005692e+008 
3.560288e+008 2.039873e+008 
3.546306e+008 2.073921e+008 
3.532001e+008 2.107834e+008 
3.517375e+008 2.141608e+008 
3.502429e+008 2.175240e+008 
3.487165e+008 2.208728e+008 
3.471584e+008 2.242067e+008 
3.455687e+008 2.275256e+008 
3.439477e+008 2.308291e+008 
3.422953e+008 2.341168e+008 
3.406119e+008 2.373886e+008 
3.388975e+008 2.406441e+008 
3.371523e+008 2.438831e+008 
3.353764e+008 2.471051e+008 
3.335701e+008 2.503099e+008 
3.317335e+008 2.534973e+008 
3.298667e+008 2.566670e+008 
3.279700e+008 2.598186e+008 
3.260434e+008 2.629518e+008 
3.240872e+008 2.660665e+008 
3.221016e+008 2.691622e+008 
3.200867e+008 2.722388e+008 
3.180428e+008 2.752958e+008 
3.159699e+008 2.783332e+008 
3.138684e+008 2.813505e+008 
3.117383e+008 2.843476e+008 
3.095800e+008 2.873240e+008 
3.073935e+008 2.902797e+008 
3.051791e+008 2.932142e+008 
3.029370e+008 2.961273e+008 
3.006673e+008 2.990188e+008 
2.983704e+008 3.018884e+008 
2.960464e+008 3.047359e+008 
2.936955e+008 3.075609e+008 
2.913180e+008 3.103632e+008 
2.889140e+008 3.131426e+008 
2.864838e+008 3.158988e+008 
2.840276e+008 3.186315e+008 
2.815456e+008 3.213406e+008 
2.790381e+008 3.240257e+008 
2.765052e+008 3.266866e+008 
2.739473e+008 3.293231e+008 
2.713645e+008 3.319349e+008 
2.687572e+008 3.345219e+008 
2.661254e+008 3.370837e+008 
2.634695e+008 3.396201e+008 
2.607897e+008 3.421309e+008 
2.580863e+008 3.446158e+008 
2.553595e+008 3.470747e+008 
2.526096e+008 3.495073e+008 
2.498367e+008 3.519135e+008 
2.470413e+008 3.542928e+008 
2.442234e+008 3.566453e+008 
2.413834e+008 3.589705e+008 
2.385216e+008 3.612684e+008 
2.356382e+008 3.635387e+008 
2.327334e+008 3.657813e+008 
2.298076e+008 3.679958e+008 
2.268610e+008 3.701821e+008 
2.238938e+008 3.723401e+008 
2.209064e+008 3.744694e+008 
2.178991e+008 3.765699e+008 
2.148720e+008 3.786415e+008 
2.118255e+008 3.806839e+008 
2.087599e+008 3.826970e+008 
2.056754e+008 3.846805e+008 
2.025723e+008 3.866343e+008 
1.994510e+008 3.885582e+008 
1.963116e+008 3.904520e+008 
1.931545e+008 3.923156e+008 
1.899800e+008 3.941487e+008 
1.867884e+008 3.959513e+008 
1.835800e+008 3.977231e+008 
1.803550e+008 3.994640e+008 
1.771137e+008 4.011739e+008 
1.738565e+008 4.028525e+008 
1.705837e+008 4.044997e+008 
1.672955e+008 4.061154e+008 
1.639923e+008 4.076994e+008 
1.606743e+008 4.092516e+008 
1.573419e+008 4.107719e+008 
1.539954e+008 4.122600e+008 
1.506351e+008 4.137159e+008 
1.472613e+008 4.151395e+008 
1.438742e+008 4.165305e+008 
1.404743e+008 4.178889e+008 
1.370619e+008 4.192146e+008 
1.336371e+008 4.205074e+008 
1.302005e+008 4.217671e+008 
1.267522e+008 4.229938e+008 
1.232926e+008 4.241873e+008 
1.198221e+008 4.253475e+008 
1.163408e+008 4.264742e+008 
1.128493e+008 4.275674e+008 
1.093477e+008 4.286269e+008 
