1440 2
3.844000e+008 0.000000e+000 
3.843825e+008 3.683355e+006 
3.843301e+008 7.366376e+006 
3.842427e+008 1.104873e+007 
3.841204e+008 1.473007e+007 
3.839631e+008 1.841008e+007 
3.837709e+008 2.208841e+007 
3.835438e+008 2.576473e+007 
3.832818e+008 2.943871e+007 
3.829850e+008 3.311001e+007 
3.826533e+008 3.677830e+007 
3.822869e+008 4.044325e+007 
3.818857e+008 4.410452e+007 
3.814497e+008 4.776177e+007 
3.809790e+008 5.141469e+007 
3.804738e+008 5.506292e+007 
3.799339e+008 5.870615e+007 
3.793594e+008 6.234404e+007 
3.787505e+008 6.597626e+007 
3.781071e+008 6.960248e+007 
3.774293e+008 7.322237e+007 
3.767172e+008 7.683559e+007 
3.759708e+008 8.044183e+007 
3.751903e+008 8.404076e+007 
3.743756e+008 8.763204e+007 
3.735269e+008 9.121535e+007 
3.726442e+008 9.479036e+007 
3.717277e+008 9.835675e+007 
3.707773e+008 1.019142e+008 
3.697932e+008 1.054624e+008 
3.687755e+008 1.090009e+008 
3.677243e+008 1.125296e+008 
3.666396e+008 1.160480e+008 
3.655216e+008 1.195559e+008 
3.643704e+008 1.230529e+008 
3.631860e+008 1.265387e+008 
3.619686e+008 1.300130e+008 
3.607183e+008 1.334755e+008 
3.594352e+008 1.369258e+008 
3.581194e+008 1.403637e+008 
3.567711e+008 1.437888e+008 
3.553903e+008 1.472008e+008 
3.539772e+008 1.505994e+008 
3.525320e+008 1.539844e+008 
3.510547e+008 1.573553e+008 
3.495454e+008 1.607119e+008 
3.480045e+008 1.640539e+008 
3.464318e+008 1.673809e+008 
3.448277e+008 1.706928e+008 
3.431922e+008 1.739891e+008 
3.415256e+008 1.772695e+008 
3.398279e+008 1.805339e+008 
3.380993e+008 1.837818e+008 
3.363400e+008 1.870130e+008 
3.345501e+008 1.902271e+008 
3.327299e+008 1.934240e+008 
3.308794e+008 1.966033e+008 
3.289988e+008 1.997647e+008 
3.270883e+008 2.029079e+008 
3.251481e+008 2.060326e+008 
3.231784e+008 2.091386e+008 
3.211793e+008 2.122255e+008 
3.191510e+008 2.152932e+008 
3.170938e+008 2.183412e+008 
3.150077e+008 2.213694e+008 
3.128930e+008 2.243774e+008 
3.107499e+008 2.273651e+008 
3.085786e+008 2.303320e+008 
3.063793e+008 2.332779e+008 
3.041521e+008 2.362027e+008 
3.018973e+008 2.391059e+008 
2.996151e+008 2.419874e+008 
2.973057e+008 2.448468e+008 
2.949693e+008 2.476840e+008 
2.926061e+008 2.504986e+008 
2.902164e+008 2.532904e+008 
2.878003e+008 2.560591e+008 
2.853582e+008 2.588046e+008 
2.828901e+008 2.615265e+008 
2.803963e+008 2.642246e+008 
2.778771e+008 2.668986e+008 
2.753327e+008 2.695483e+008 
2.727633e+008 2.721735e+008 
2.701692e+008 2.747739e+008 
2.675506e+008 2.773493e+008 
2.649077e+008 2.798995e+008 
2.622408e+008 2.824242e+008 
2.595502e+008 2.849231e+008 
2.568360e+008 2.873961e+008 
2.540985e+008 2.898430e+008 
2.513380e+008 2.922634e+008 
2.485547e+008 2.946573e+008 
2.457489e+008 2.970243e+008 
2.429208e+008 2.993643e+008 
2.400708e+008 3.016770e+008 
2.371990e+008 3.039622e+008 
2.343057e+008 3.062198e+008 
2.313912e+008 3.084495e+008 
2.284558e+008 3.106511e+008 
2.254997e+008 3.128244e+008 
2.225232e+008 3.149692e+008 
2.195266e+008 3.170854e+008 
2.165102e+008 3.191726e+008 
2.134741e+008 3.212308e+008 
2.104188e+008 3.232598e+008 
2.073445e+008 3.252593e+008 
2.042514e+008 3.272292e+008 
2.011399e+008 3.291692e+008 
1.980102e+008 3.310793e+008 
1.948627e+008 3.329593e+008 
1.916976e+008 3.348089e+008 
1.885152e+008 3.366280e+008 
1.853158e+008 3.384165e+008 
1.820997e+008 3.401742e+008 
1.788672e+008 3.419008e+008 
1.756186e+008 3.435963e+008 
1.723541e+008 3.452606e+008 
1.690742e+008 3.468933e+008 
1.657791e+008 3.484945e+008 
1.624691e+008 3.500640e+008 
1.591444e+008 3.516015e+008 
1.558055e+008 3.531071e+008 
1.524526e+008 3.545804e+008 
1.490860e+008 3.560215e+008 
1.457061e+008 3.574301e+008 
1.423131e+008 3.588062e+008 
1.389074e+008 3.601496e+008 
1.354893e+008 3.614602e+008 
1.320590e+008 3.627379e+008 
1.286170e+008 3.639825e+008 
1.251635e+008 3.651940e+008 
1.216988e+008 3.663722e+008 
1.182233e+008 3.675170e+008 
1.147373e+008 3.686284e+008 
1.112411e+008 3.697061e+008 
1.077350e+008 3.707502e+008 
1.042194e+008 3.717606e+008 
1.006946e+008 3.727370e+008 
9.716086e+007 3.736796e+008 
9.361857e+007 3.745880e+008 
9.006803e+007 3.754624e+008 
8.650959e+007 3.763026e+008 
8.294356e+007 3.771084e+008 
7.937028e+007 3.778800e+008 
7.579008e+007 3.786171e+008 
7.220329e+007 3.793197e+008 
6.861024e+007 3.799878e+008 
6.501126e+007 3.806213e+008 
6.140669e+007 3.812201e+008 
5.779686e+007 3.817842e+008 
5.418211e+007 3.823135e+008 
5.056277e+007 3.828080e+008 
4.693917e+007 3.832676e+008 
4.331165e+007 3.836924e+008 
3.968054e+007 3.840822e+008 
3.604619e+007 3.844370e+008 
3.240893e+007 3.847568e+008 
2.876910e+007 3.850416e+008 
2.512702e+007 3.852913e+008 
2.148306e+007 3.855059e+008 
1.783753e+007 3.856855e+008 
1.419077e+007 3.858299e+008 
1.054314e+007 3.859392e+008 
6.894954e+006 3.860133e+008 
3.246564e+006 3.860524e+008 
-4.016954e+005 3.860562e+008 
-4.049485e+006 3.860250e+008 
-7.696466e+006 3.859586e+008 
-1.134230e+007 3.858570e+008 
-1.498665e+007 3.857204e+008 
-1.862918e+007 3.855486e+008 
-2.226954e+007 3.853418e+008 
-2.590741e+007 3.850998e+008 
-2.954243e+007 3.848229e+008 
-3.317428e+007 3.845109e+008 
-3.680262e+007 3.841640e+008 
-4.042711e+007 3.837820e+008 
-4.404741e+007 3.833652e+008 
-4.766319e+007 3.829135e+008 
-5.127410e+007 3.824270e+008 
-5.487982e+007 3.819057e+008 
-5.848001e+007 3.813497e+008 
-6.207434e+007 3.807589e+008 
-6.566246e+007 3.801336e+008 
-6.924405e+007 3.794737e+008 
-7.281877e+007 3.787793e+008 
-7.638629e+007 3.780504e+008 
-7.994628e+007 3.772872e+008 
-8.349841e+007 3.764897e+008 
-8.704234e+007 3.756580e+008 
-9.057775e+007 3.747922e+008 
-9.410430e+007 3.738923e+008 
-9.762168e+007 3.729584e+008 
-1.011295e+008 3.719906e+008 
-1.046276e+008 3.709891e+008 
-1.081154e+008 3.699538e+008 
-1.115928e+008 3.688850e+008 
-1.150594e+008 3.677827e+008 
-1.185148e+008 3.666470e+008 
-1.219588e+008 3.654779e+008 
-1.253910e+008 3.642758e+008 
-1.288111e+008 3.630405e+008 
-1.322187e+008 3.617723e+008 
-1.356137e+008 3.604713e+008 
-1.389956e+008 3.591376e+008 
-1.423641e+008 3.577714e+008 
-1.457189e+008 3.563726e+008 
-1.490598e+008 3.549416e+008 
-1.523863e+008 3.534784e+008 
-1.556982e+008 3.519832e+008 
-1.589952e+008 3.504560e+008 
-1.622770e+008 3.488971e+008 
-1.655432e+008 3.473066e+008 
-1.687936e+008 3.456847e+008 
-1.720278e+008 3.440314e+008 
-1.752456e+008 3.423470e+008 
-1.784466e+008 3.406316e+008 
-1.816305e+008 3.388854e+008 
-1.847972e+008 3.371085e+008 
-1.879461e+008 3.353011e+008 
-1.910772e+008 3.334634e+008 
-1.941900e+008 3.315956e+008 
-1.972842e+008 3.296978e+008 
-2.003597e+008 3.277702e+008 
-2.034161e+008 3.258129e+008 
-2.064530e+008 3.238263e+008 
-2.094703e+008 3.218104e+008 
-2.124677e+008 3.197655e+008 
-2.154448e+008 3.176917e+008 
-2.184014e+008 3.155893e+008 
-2.213372e+008 3.134583e+008 
-2.242520e+008 3.112992e+008 
-2.271454e+008 3.091119e+008 
-2.300172e+008 3.068969e+008 
-2.328671e+008 3.046542e+008 
-2.356949e+008 3.023840e+008 
-2.385003e+008 3.000867e+008 
-2.412830e+008 2.977623e+008 
-2.440428e+008 2.954112e+008 
-2.467794e+008 2.930335e+008 
-2.494925e+008 2.906294e+008 
-2.521820e+008 2.881993e+008 
-2.548475e+008 2.857433e+008 
-2.574888e+008 2.832617e+008 
-2.601056e+008 2.807546e+008 
-2.626978e+008 2.782224e+008 
-2.652650e+008 2.756652e+008 
-2.678070e+008 2.730834e+008 
-2.703236e+008 2.704771e+008 
-2.728146e+008 2.678466e+008 
-2.752797e+008 2.651921e+008 
-2.777186e+008 2.625139e+008 
-2.801312e+008 2.598123e+008 
-2.825173e+008 2.570875e+008 
-2.848765e+008 2.543398e+008 
-2.872088e+008 2.515694e+008 
-2.895137e+008 2.487765e+008 
-2.917913e+008 2.459616e+008 
-2.940412e+008 2.431247e+008 
-2.962632e+008 2.402662e+008 
-2.984571e+008 2.373864e+008 
-3.006227e+008 2.344854e+008 
-3.027598e+008 2.315637e+008 
-3.048682e+008 2.286215e+008 
-3.069478e+008 2.256590e+008 
-3.089982e+008 2.226765e+008 
-3.110194e+008 2.196744e+008 
-3.130111e+008 2.166529e+008 
-3.149731e+008 2.136122e+008 
-3.169053e+008 2.105527e+008 
-3.188075e+008 2.074747e+008 
-3.206795e+008 2.043784e+008 
-3.225211e+008 2.012642e+008 
-3.243321e+008 1.981323e+008 
-3.261125e+008 1.949830e+008 
-3.278619e+008 1.918167e+008 
-3.295803e+008 1.886336e+008 
-3.312675e+008 1.854340e+008 
-3.329233e+008 1.822183e+008 
-3.345476e+008 1.789867e+008 
-3.361402e+008 1.757395e+008 
-3.377010e+008 1.724771e+008 
-3.392297e+008 1.691998e+008 
-3.407264e+008 1.659078e+008 
-3.421909e+008 1.626015e+008 
-3.436229e+008 1.592812e+008 
-3.450224e+008 1.559472e+008 
-3.463892e+008 1.525999e+008 
-3.477232e+008 1.492394e+008 
-3.490244e+008 1.458663e+008 
-3.502925e+008 1.424807e+008 
-3.515274e+008 1.390830e+008 
-3.527290e+008 1.356735e+008 
-3.538973e+008 1.322526e+008 
-3.550321e+008 1.288205e+008 
-3.561333e+008 1.253776e+008 
-3.572007e+008 1.219242e+008 
-3.582344e+008 1.184607e+008 
-3.592342e+008 1.149873e+008 
-3.601999e+008 1.115044e+008 
-3.611316e+008 1.080124e+008 
-3.620291e+008 1.045115e+008 
-3.628924e+008 1.010021e+008 
-3.637213e+008 9.748451e+007 
-3.645158e+008 9.395907e+007 
-3.652758e+008 9.042613e+007 
-3.660012e+008 8.688600e+007 
-3.666920e+008 8.333902e+007 
-3.673481e+008 7.978554e+007 
-3.679695e+008 7.622588e+007 
-3.685560e+008 7.266038e+007 
-3.691077e+008 6.908938e+007 
-3.696244e+008 6.551322e+007 
-3.701062e+008 6.193224e+007 
-3.705530e+008 5.834677e+007 
-3.709647e+008 5.475715e+007 
-3.713413e+008 5.116373e+007 
-3.716828e+008 4.756684e+007 
-3.719891e+008 4.396682e+007 
-3.722602e+008 4.036401e+007 
-3.724962e+008 3.675876e+007 
-3.726968e+008 3.315141e+007 
-3.728623e+008 2.954229e+007 
-3.729924e+008 2.593175e+007 
-3.730873e+008 2.232012e+007 
-3.731469e+008 1.870776e+007 
-3.731712e+008 1.509500e+007 
-3.731602e+008 1.148219e+007 
-3.731139e+008 7.869657e+006 
-3.730323e+008 4.257754e+006 
-3.729154e+008 6.468192e+005 
-3.727632e+008 -2.962806e+006 
-3.725758e+008 -6.570779e+006 
-3.723532e+008 -1.017676e+007 
-3.720953e+008 -1.378041e+007 
-3.718022e+008 -1.738138e+007 
-3.714740e+008 -2.097934e+007 
-3.711106e+008 -2.457395e+007 
-3.707122e+008 -2.816486e+007 
-3.702786e+008 -3.175174e+007 
-3.698101e+008 -3.533424e+007 
-3.693066e+008 -3.891203e+007 
-3.687681e+008 -4.248478e+007 
-3.681948e+008 -4.605213e+007 
-3.675867e+008 -4.961376e+007 
-3.669437e+008 -5.316934e+007 
-3.662661e+008 -5.671851e+007 
-3.655539e+008 -6.026095e+007 
-3.648070e+008 -6.379633e+007 
-3.640257e+008 -6.732430e+007 
-3.632100e+008 -7.084454e+007 
-3.623598e+008 -7.435671e+007 
-3.614755e+008 -7.786049e+007 
-3.605569e+008 -8.135553e+007 
-3.596042e+008 -8.484151e+007 
-3.586176e+008 -8.831811e+007 
-3.575970e+008 -9.178499e+007 
-3.565426e+008 -9.524182e+007 
-3.554544e+008 -9.868828e+007 
-3.543327e+008 -1.021240e+008 
-3.531774e+008 -1.055488e+008 
-3.519887e+008 -1.089622e+008 
-3.507668e+008 -1.123639e+008 
-3.495117e+008 -1.157537e+008 
-3.482235e+008 -1.191311e+008 
-3.469024e+008 -1.224959e+008 
-3.455484e+008 -1.258478e+008 
-3.441618e+008 -1.291864e+008 
-3.427426e+008 -1.325114e+008 
-3.412911e+008 -1.358226e+008 
-3.398072e+008 -1.391195e+008 
-3.382912e+008 -1.424019e+008 
-3.367432e+008 -1.456695e+008 
-3.351633e+008 -1.489220e+008 
-3.335518e+008 -1.521590e+008 
-3.319086e+008 -1.553803e+008 
-3.302341e+008 -1.585856e+008 
-3.285284e+008 -1.617745e+008 
-3.267915e+008 -1.649467e+008 
-3.250238e+008 -1.681020e+008 
-3.232253e+008 -1.712401e+008 
-3.213962e+008 -1.743606e+008 
-3.195367e+008 -1.774632e+008 
-3.176470e+008 -1.805478e+008 
-3.157273e+008 -1.836139e+008 
-3.137776e+008 -1.866613e+008 
-3.117983e+008 -1.896897e+008 
-3.097894e+008 -1.926989e+008 
-3.077513e+008 -1.956884e+008 
-3.056840e+008 -1.986582e+008 
-3.035878e+008 -2.016078e+008 
-3.014628e+008 -2.045370e+008 
-2.993093e+008 -2.074455e+008 
-2.971275e+008 -2.103331e+008 
-2.949176e+008 -2.131994e+008 
-2.926797e+008 -2.160442e+008 
-2.904142e+008 -2.188673e+008 
-2.881211e+008 -2.216684e+008 
-2.858008e+008 -2.244471e+008 
-2.834534e+008 -2.272034e+008 
-2.810791e+008 -2.299367e+008 
-2.786783e+008 -2.326471e+008 
-2.762510e+008 -2.353341e+008 
-2.737976e+008 -2.379975e+008 
-2.713182e+008 -2.406371e+008 
-2.688132e+008 -2.432526e+008 
-2.662826e+008 -2.458438e+008 
-2.637269e+008 -2.484104e+008 
-2.611461e+008 -2.509522e+008 
-2.585406e+008 -2.534690e+008 
-2.559106e+008 -2.559605e+008 
-2.532563e+008 -2.584264e+008 
-2.505780e+008 -2.608666e+008 
-2.478760e+008 -2.632809e+008 
-2.451505e+008 -2.656689e+008 
-2.424017e+008 -2.680305e+008 
-2.396299e+008 -2.703655e+008 
-2.368353e+008 -2.726735e+008 
-2.340183e+008 -2.749545e+008 
-2.311791e+008 -2.772082e+008 
-2.283180e+008 -2.794344e+008 
-2.254352e+008 -2.816328e+008 
-2.225309e+008 -2.838033e+008 
-2.196056e+008 -2.859457e+008 
-2.166593e+008 -2.880598e+008 
-2.136925e+008 -2.901453e+008 
-2.107054e+008 -2.922021e+008 
-2.076982e+008 -2.942299e+008 
-2.046713e+008 -2.962287e+008 
-2.016250e+008 -2.981981e+008 
-1.985594e+008 -3.001381e+008 
-1.954750e+008 -3.020484e+008 
-1.923719e+008 -3.039288e+008 
-1.892506e+008 -3.057793e+008 
-1.861112e+008 -3.075995e+008 
-1.829541e+008 -3.093894e+008 
-1.797795e+008 -3.111487e+008 
-1.765878e+008 -3.128773e+008 
-1.733793e+008 -3.145751e+008 
-1.701542e+008 -3.162418e+008 
-1.669129e+008 -3.178774e+008 
-1.636556e+008 -3.194816e+008 
-1.603827e+008 -3.210544e+008 
-1.570945e+008 -3.225955e+008 
-1.537912e+008 -3.241049e+008 
-1.504732e+008 -3.255823e+008 
-1.471409e+008 -3.270277e+008 
-1.437944e+008 -3.284409e+008 
-1.404341e+008 -3.298218e+008 
-1.370604e+008 -3.311702e+008 
-1.336734e+008 -3.324860e+008 
-1.302737e+008 -3.337692e+008 
-1.268614e+008 -3.350195e+008 
-1.234369e+008 -3.362369e+008 
-1.200006e+008 -3.374212e+008 
-1.165526e+008 -3.385724e+008 
-1.130934e+008 -3.396903e+008 
-1.096233e+008 -3.407748e+008 
-1.061425e+008 -3.418259e+008 
-1.026515e+008 -3.428434e+008 
-9.915053e+007 -3.438272e+008 
-9.563992e+007 -3.447772e+008 
-9.212000e+007 -3.456934e+008 
-8.859109e+007 -3.465756e+008 
-8.505354e+007 -3.474238e+008 
-8.150766e+007 -3.482380e+008 
-7.795378e+007 -3.490179e+008 
-7.439224e+007 -3.497636e+008 
-7.082337e+007 -3.504750e+008 
-6.724749e+007 -3.511519e+008 
-6.366493e+007 -3.517945e+008 
-6.007604e+007 -3.524025e+008 
-5.648114e+007 -3.529759e+008 
-5.288057e+007 -3.535147e+008 
-4.927466e+007 -3.540189e+008 
-4.566374e+007 -3.544883e+008 
-4.204815e+007 -3.549229e+008 
-3.842823e+007 -3.553228e+008 
-3.480430e+007 -3.556878e+008 
-3.117671e+007 -3.560179e+008 
-2.754579e+007 -3.563131e+008 
-2.391188e+007 -3.565734e+008 
-2.027531e+007 -3.567987e+008 
-1.663642e+007 -3.569890e+008 
-1.299555e+007 -3.571443e+008 
-9.353027e+006 -3.572646e+008 
-5.709198e+006 -3.573498e+008 
-2.064395e+006 -3.574001e+008 
1.581043e+006 -3.574152e+008 
5.226780e+006 -3.573953e+008 
8.872479e+006 -3.573404e+008 
1.251780e+007 -3.572504e+008 
1.616241e+007 -3.571254e+008 
1.980598e+007 -3.569653e+008 
2.344816e+007 -3.567703e+008 
2.708861e+007 -3.565402e+008 
3.072701e+007 -3.562752e+008 
3.436302e+007 -3.559752e+008 
3.799629e+007 -3.556403e+008 
4.162651e+007 -3.552705e+008 
4.525332e+007 -3.548658e+008 
4.887640e+007 -3.544263e+008 
5.249541e+007 -3.539521e+008 
5.611002e+007 -3.534430e+008 
5.971990e+007 -3.528993e+008 
6.332471e+007 -3.523209e+008 
6.692412e+007 -3.517080e+008 
7.051780e+007 -3.510605e+008 
7.410541e+007 -3.503785e+008 
7.768663e+007 -3.496621e+008 
8.126113e+007 -3.489113e+008 
8.482858e+007 -3.481263e+008 
8.838865e+007 -3.473070e+008 
9.194101e+007 -3.464536e+008 
9.548534e+007 -3.455661e+008 
9.902130e+007 -3.446447e+008 
1.025486e+008 -3.436893e+008 
1.060668e+008 -3.427002e+008 
1.095758e+008 -3.416773e+008 
1.130751e+008 -3.406208e+008 
1.165644e+008 -3.395307e+008 
1.200434e+008 -3.384073e+008 
1.235117e+008 -3.372504e+008 
1.269692e+008 -3.360604e+008 
1.304154e+008 -3.348373e+008 
1.338500e+008 -3.335811e+008 
1.372727e+008 -3.322921e+008 
1.406832e+008 -3.309702e+008 
1.440813e+008 -3.296158e+008 
1.474665e+008 -3.282287e+008 
1.508385e+008 -3.268093e+008 
1.541971e+008 -3.253576e+008 
1.575420e+008 -3.238738e+008 
1.608727e+008 -3.223580e+008 
1.641892e+008 -3.208103e+008 
1.674909e+008 -3.192308e+008 
1.707777e+008 -3.176198e+008 
1.740492e+008 -3.159774e+008 
1.773051e+008 -3.143036e+008 
1.805452e+008 -3.125987e+008 
1.837691e+008 -3.108629e+008 
1.869765e+008 -3.090962e+008 
1.901672e+008 -3.072989e+008 
1.933408e+008 -3.054710e+008 
1.964970e+008 -3.036128e+008 
1.996357e+008 -3.017245e+008 
2.027564e+008 -2.998062e+008 
2.058589e+008 -2.978580e+008 
2.089429e+008 -2.958803e+008 
2.120082e+008 -2.938730e+008 
2.150544e+008 -2.918365e+008 
2.180813e+008 -2.897709e+008 
2.210886e+008 -2.876764e+008 
2.240759e+008 -2.855532e+008 
2.270432e+008 -2.834014e+008 
2.299900e+008 -2.812214e+008 
2.329161e+008 -2.790132e+008 
2.358213e+008 -2.767771e+008 
2.387052e+008 -2.745132e+008 
2.415677e+008 -2.722219e+008 
2.444083e+008 -2.699032e+008 
2.472270e+008 -2.675575e+008 
2.500234e+008 -2.651849e+008 
2.527973e+008 -2.627856e+008 
2.555484e+008 -2.603598e+008 
2.582765e+008 -2.579078e+008 
2.609813e+008 -2.554298e+008 
2.636626e+008 -2.529261e+008 
2.663201e+008 -2.503968e+008 
2.689536e+008 -2.478421e+008 
2.715628e+008 -2.452624e+008 
2.741476e+008 -2.426578e+008 
2.767076e+008 -2.400286e+008 
2.792427e+008 -2.373750e+008 
2.817526e+008 -2.346973e+008 
2.842370e+008 -2.319957e+008 
2.866959e+008 -2.292704e+008 
2.891288e+008 -2.265217e+008 
2.915357e+008 -2.237499e+008 
2.939162e+008 -2.209551e+008 
2.962702e+008 -2.181378e+008 
2.985975e+008 -2.152980e+008 
3.008978e+008 -2.124361e+008 
3.031710e+008 -2.095523e+008 
3.054168e+008 -2.066469e+008 
3.076350e+008 -2.037201e+008 
3.098254e+008 -2.007723e+008 
3.119879e+008 -1.978036e+008 
3.141222e+008 -1.948144e+008 
3.162281e+008 -1.918049e+008 
3.183055e+008 -1.887754e+008 
3.203541e+008 -1.857262e+008 
3.223737e+008 -1.826575e+008 
3.243643e+008 -1.795696e+008 
3.263256e+008 -1.764629e+008 
3.282574e+008 -1.733375e+008 
3.301595e+008 -1.701938e+008 
3.320318e+008 -1.670321e+008 
3.338741e+008 -1.638526e+008 
3.356862e+008 -1.606556e+008 
3.374681e+008 -1.574415e+008 
3.392194e+008 -1.542104e+008 
3.409400e+008 -1.509628e+008 
3.426299e+008 -1.476988e+008 
3.442888e+008 -1.444189e+008 
3.459166e+008 -1.411232e+008 
3.475132e+008 -1.378121e+008 
3.490783e+008 -1.344860e+008 
3.506119e+008 -1.311450e+008 
3.521138e+008 -1.277895e+008 
3.535838e+008 -1.244198e+008 
3.550220e+008 -1.210362e+008 
3.564280e+008 -1.176390e+008 
3.578018e+008 -1.142285e+008 
3.591433e+008 -1.108050e+008 
3.604523e+008 -1.073689e+008 
3.617288e+008 -1.039204e+008 
3.629725e+008 -1.004599e+008 
3.641835e+008 -9.698765e+007 
3.653615e+008 -9.350398e+007 
3.665065e+008 -9.000921e+007 
3.676184e+008 -8.650366e+007 
3.686970e+008 -8.298765e+007 
3.697423e+008 -7.946148e+007 
3.707542e+008 -7.592549e+007 
3.717326e+008 -7.237998e+007 
3.726773e+008 -6.882529e+007 
3.735884e+008 -6.526173e+007 
3.744657e+008 -6.168963e+007 
3.753092e+008 -5.810931e+007 
3.761187e+008 -5.452109e+007 
3.768942e+008 -5.092529e+007 
3.776357e+008 -4.732225e+007 
3.783430e+008 -4.371229e+007 
3.790161e+008 -4.009574e+007 
3.796550e+008 -3.647291e+007 
3.802595e+008 -3.284415e+007 
3.808297e+008 -2.920978e+007 
3.813654e+008 -2.557012e+007 
3.818666e+008 -2.192551e+007 
3.823333e+008 -1.827628e+007 
3.827655e+008 -1.462275e+007 
3.831630e+008 -1.096526e+007 
3.835259e+008 -7.304132e+006 
3.838542e+008 -3.639707e+006 
3.841477e+008 2.768819e+004 
3.844065e+008 3.697722e+006 
3.846306e+008 7.370061e+006 
3.848198e+008 1.104438e+007 
3.849743e+008 1.472033e+007 
3.850940e+008 1.839760e+007 
3.851789e+008 2.207584e+007 
3.852289e+008 2.575472e+007 
3.852441e+008 2.943392e+007 
3.852245e+008 3.311310e+007 
3.851700e+008 3.679192e+007 
3.850808e+008 4.047006e+007 
3.849567e+008 4.414717e+007 
3.847978e+008 4.782294e+007 
3.846041e+008 5.149702e+007 
3.843757e+008 5.516908e+007 
3.841125e+008 5.883880e+007 
3.838146e+008 6.250583e+007 
3.834819e+008 6.616986e+007 
3.831146e+008 6.983053e+007 
3.827127e+008 7.348754e+007 
3.822762e+008 7.714054e+007 
3.818051e+008 8.078920e+007 
3.812995e+008 8.443320e+007 
3.807594e+008 8.807220e+007 
3.801849e+008 9.170587e+007 
3.795760e+008 9.533390e+007 
3.789328e+008 9.895594e+007 
3.782554e+008 1.025717e+008 
3.775438e+008 1.061808e+008 
3.767980e+008 1.097829e+008 
3.760182e+008 1.133777e+008 
3.752043e+008 1.169650e+008 
3.743566e+008 1.205443e+008 
3.734750e+008 1.241153e+008 
3.725596e+008 1.276777e+008 
3.716106e+008 1.312313e+008 
3.706280e+008 1.347756e+008 
3.696119e+008 1.383103e+008 
3.685623e+008 1.418352e+008 
3.674795e+008 1.453499e+008 
3.663634e+008 1.488541e+008 
3.652143e+008 1.523475e+008 
3.640321e+008 1.558297e+008 
3.628170e+008 1.593005e+008 
3.615691e+008 1.627595e+008 
3.602885e+008 1.662064e+008 
3.589754e+008 1.696409e+008 
3.576298e+008 1.730628e+008 
3.562519e+008 1.764716e+008 
3.548418e+008 1.798670e+008 
3.533996e+008 1.832489e+008 
3.519255e+008 1.866168e+008 
3.504196e+008 1.899705e+008 
3.488820e+008 1.933096e+008 
3.473129e+008 1.966339e+008 
3.457124e+008 1.999430e+008 
3.440806e+008 2.032367e+008 
3.424178e+008 2.065146e+008 
3.407240e+008 2.097765e+008 
3.389995e+008 2.130220e+008 
3.372443e+008 2.162509e+008 
3.354586e+008 2.194629e+008 
3.336427e+008 2.226577e+008 
3.317966e+008 2.258349e+008 
3.299205e+008 2.289944e+008 
3.280146e+008 2.321357e+008 
3.260791e+008 2.352587e+008 
3.241141e+008 2.383631e+008 
3.221199e+008 2.414485e+008 
3.200965e+008 2.445147e+008 
3.180443e+008 2.475615e+008 
3.159633e+008 2.505884e+008 
3.138538e+008 2.535954e+008 
3.117159e+008 2.565820e+008 
3.095499e+008 2.595480e+008 
3.073559e+008 2.624932e+008 
3.051342e+008 2.654172e+008 
3.028850e+008 2.683199e+008 
3.006084e+008 2.712009e+008 
2.983047e+008 2.740600e+008 
2.959740e+008 2.768970e+008 
2.936166e+008 2.797115e+008 
2.912328e+008 2.825033e+008 
2.888226e+008 2.852723e+008 
2.863864e+008 2.880180e+008 
2.839243e+008 2.907403e+008 
2.814366e+008 2.934389e+008 
2.789236e+008 2.961135e+008 
2.763853e+008 2.987640e+008 
2.738222e+008 3.013901e+008 
2.712343e+008 3.039916e+008 
2.686220e+008 3.065681e+008 
2.659855e+008 3.091196e+008 
2.633250e+008 3.116456e+008 
2.606408e+008 3.141461e+008 
2.579330e+008 3.166208e+008 
2.552020e+008 3.190695e+008 
2.524480e+008 3.214919e+008 
2.496713e+008 3.238878e+008 
2.468721e+008 3.262571e+008 
2.440507e+008 3.285994e+008 
2.412072e+008 3.309146e+008 
2.383421e+008 3.332025e+008 
2.354555e+008 3.354628e+008 
2.325477e+008 3.376954e+008 
2.296190e+008 3.399001e+008 
2.266696e+008 3.420766e+008 
2.236998e+008 3.442247e+008 
2.207099e+008 3.463443e+008 
2.177002e+008 3.484352e+008 
2.146709e+008 3.504972e+008 
2.116223e+008 3.525300e+008 
2.085547e+008 3.545335e+008 
2.054683e+008 3.565076e+008 
2.023635e+008 3.584520e+008 
1.992405e+008 3.603666e+008 
1.960997e+008 3.622511e+008 
1.929413e+008 3.641055e+008 
1.897655e+008 3.659295e+008 
1.865728e+008 3.677230e+008 
1.833633e+008 3.694858e+008 
1.801374e+008 3.712178e+008 
1.768954e+008 3.729188e+008 
1.736375e+008 3.745886e+008 
1.703641e+008 3.762272e+008 
1.670755e+008 3.778343e+008 
1.637719e+008 3.794097e+008 
1.604537e+008 3.809535e+008 
1.571211e+008 3.824653e+008 
1.537746e+008 3.839452e+008 
1.504143e+008 3.853928e+008 
1.470406e+008 3.868082e+008 
1.436539e+008 3.881912e+008 
1.402543e+008 3.895416e+008 
1.368423e+008 3.908594e+008 
1.334181e+008 3.921444e+008 
1.299820e+008 3.933964e+008 
1.265345e+008 3.946155e+008 
1.230757e+008 3.958014e+008 
1.196060e+008 3.969541e+008 
1.161258e+008 3.980735e+008 
1.126352e+008 3.991594e+008 
1.091348e+008 4.002118e+008 
1.056247e+008 4.012305e+008 
1.021053e+008 4.022155e+008 
9.857702e+007 4.031667e+008 
9.504004e+007 4.040840e+008 
9.149474e+007 4.049673e+008 
8.794146e+007 4.058166e+008 
8.438050e+007 4.066317e+008 
8.081221e+007 4.074125e+008 
7.723690e+007 4.081591e+008 
7.365492e+007 4.088714e+008 
7.006658e+007 4.095492e+008 
6.647222e+007 4.101925e+008 
6.287218e+007 4.108013e+008 
5.926677e+007 4.113755e+008 
5.565634e+007 4.119150e+008 
5.204122e+007 4.124199e+008 
4.842174e+007 4.128900e+008 
4.479823e+007 4.133253e+008 
4.117103e+007 4.137258e+008 
3.754047e+007 4.140914e+008 
3.390688e+007 4.144221e+008 
3.027061e+007 4.147180e+008 
2.663199e+007 4.149788e+008 
2.299135e+007 4.152047e+008 
1.934903e+007 4.153957e+008 
1.570537e+007 4.155516e+008 
1.206070e+007 4.156725e+008 
8.415359e+006 4.157583e+008 
4.769683e+006 4.158091e+008 
1.124009e+006 4.158249e+008 
-2.521326e+006 4.158057e+008 
-6.165985e+006 4.157514e+008 
-9.809631e+006 4.156620e+008 
-1.345193e+007 4.155377e+008 
-1.709254e+007 4.153783e+008 
-2.073113e+007 4.151840e+008 
-2.436735e+007 4.149547e+008 
-2.800089e+007 4.146904e+008 
-3.163139e+007 4.143912e+008 
-3.525852e+007 4.140571e+008 
-3.888195e+007 4.136881e+008 
-4.250134e+007 4.132843e+008 
-4.611635e+007 4.128457e+008 
-4.972666e+007 4.123724e+008 
-5.333192e+007 4.118643e+008 
-5.693181e+007 4.113216e+008 
-6.052598e+007 4.107443e+008 
-6.411412e+007 4.101325e+008 
-6.769587e+007 4.094861e+008 
-7.127092e+007 4.088053e+008 
-7.483893e+007 4.080902e+008 
-7.839957e+007 4.073407e+008 
-8.195250e+007 4.065570e+008 
-8.549741e+007 4.057392e+008 
-8.903396e+007 4.048873e+008 
-9.256182e+007 4.040013e+008 
-9.608067e+007 4.030815e+008 
-9.959018e+007 4.021279e+008 
-1.030900e+008 4.011405e+008 
-1.065799e+008 4.001194e+008 
-1.100594e+008 3.990648e+008 
-1.135283e+008 3.979768e+008 
-1.169862e+008 3.968554e+008 
-1.204329e+008 3.957007e+008 
-1.238679e+008 3.945130e+008 
-1.272910e+008 3.932922e+008 
-1.307019e+008 3.920384e+008 
-1.341003e+008 3.907520e+008 
-1.374857e+008 3.894328e+008 
-1.408580e+008 3.880811e+008 
-1.442168e+008 3.866969e+008 
-1.475617e+008 3.852805e+008 
-1.508925e+008 3.838319e+008 
-1.542089e+008 3.823513e+008 
-1.575106e+008 3.808388e+008 
-1.607972e+008 3.792946e+008 
-1.640684e+008 3.777188e+008 
-1.673240e+008 3.761115e+008 
-1.705637e+008 3.744730e+008 
-1.737870e+008 3.728033e+008 
-1.769938e+008 3.711026e+008 
-1.801837e+008 3.693711e+008 
-1.833565e+008 3.676089e+008 
-1.865118e+008 3.658162e+008 
-1.896493e+008 3.639932e+008 
-1.927689e+008 3.621400e+008 
-1.958700e+008 3.602569e+008 
-1.989526e+008 3.583439e+008 
-2.020162e+008 3.564014e+008 
-2.050607e+008 3.544293e+008 
-2.080856e+008 3.524280e+008 
-2.110908e+008 3.503977e+008 
-2.140760e+008 3.483384e+008 
-2.170408e+008 3.462505e+008 
-2.199851e+008 3.441341e+008 
-2.229084e+008 3.419894e+008 
-2.258106e+008 3.398165e+008 
-2.286915e+008 3.376158e+008 
-2.315506e+008 3.353875e+008 
-2.343877e+008 3.331316e+008 
-2.372027e+008 3.308485e+008 
-2.399951e+008 3.285383e+008 
-2.427649e+008 3.262014e+008 
-2.455116e+008 3.238378e+008 
-2.482351e+008 3.214478e+008 
-2.509350e+008 3.190316e+008 
-2.536112e+008 3.165896e+008 
-2.562634e+008 3.141218e+008 
-2.588913e+008 3.116285e+008 
-2.614947e+008 3.091100e+008 
-2.640734e+008 3.065665e+008 
-2.666271e+008 3.039983e+008 
-2.691555e+008 3.014055e+008 
-2.716585e+008 2.987884e+008 
-2.741357e+008 2.961473e+008 
-2.765871e+008 2.934824e+008 
-2.790123e+008 2.907940e+008 
-2.814110e+008 2.880823e+008 
-2.837832e+008 2.853476e+008 
-2.861286e+008 2.825901e+008 
-2.884469e+008 2.798102e+008 
-2.907379e+008 2.770079e+008 
-2.930014e+008 2.741837e+008 
-2.952372e+008 2.713378e+008 
-2.974452e+008 2.684704e+008 
-2.996250e+008 2.655818e+008 
-3.017765e+008 2.626723e+008 
-3.038995e+008 2.597422e+008 
-3.059937e+008 2.567918e+008 
-3.080591e+008 2.538212e+008 
-3.100953e+008 2.508309e+008 
-3.121023e+008 2.478210e+008 
-3.140797e+008 2.447919e+008 
-3.160275e+008 2.417439e+008 
-3.179455e+008 2.386771e+008 
-3.198334e+008 2.355921e+008 
-3.216911e+008 2.324889e+008 
-3.235184e+008 2.293679e+008 
-3.253151e+008 2.262295e+008 
-3.270812e+008 2.230738e+008 
-3.288163e+008 2.199012e+008 
-3.305204e+008 2.167120e+008 
-3.321933e+008 2.135066e+008 
-3.338348e+008 2.102851e+008 
-3.354448e+008 2.070479e+008 
-3.370231e+008 2.037953e+008 
-3.385696e+008 2.005276e+008 
-3.400842e+008 1.972452e+008 
-3.415666e+008 1.939482e+008 
-3.430168e+008 1.906372e+008 
-3.444346e+008 1.873122e+008 
-3.458199e+008 1.839738e+008 
-3.471725e+008 1.806221e+008 
-3.484924e+008 1.772575e+008 
-3.497794e+008 1.738803e+008 
-3.510334e+008 1.704908e+008 
-3.522542e+008 1.670894e+008 
-3.534418e+008 1.636764e+008 
-3.545960e+008 1.602520e+008 
-3.557168e+008 1.568167e+008 
-3.568040e+008 1.533707e+008 
-3.578575e+008 1.499144e+008 
-3.588773e+008 1.464480e+008 
-3.598631e+008 1.429720e+008 
-3.608151e+008 1.394866e+008 
-3.617330e+008 1.359922e+008 
-3.626167e+008 1.324891e+008 
-3.634662e+008 1.289776e+008 
-3.642815e+008 1.254581e+008 
-3.650623e+008 1.219309e+008 
-3.658087e+008 1.183963e+008 
-3.665206e+008 1.148546e+008 
-3.671979e+008 1.113063e+008 
-3.678406e+008 1.077516e+008 
-3.684486e+008 1.041908e+008 
-3.690218e+008 1.006244e+008 
-3.695602e+008 9.705258e+007 
-3.700637e+008 9.347574e+007 
-3.705323e+008 8.989421e+007 
-3.709660e+008 8.630832e+007 
-3.713646e+008 8.271842e+007 
-3.717282e+008 7.912485e+007 
-3.720568e+008 7.552794e+007 
-3.723503e+008 7.192803e+007 
-3.726086e+008 6.832546e+007 
-3.728318e+008 6.472057e+007 
-3.730198e+008 6.111370e+007 
-3.731726e+008 5.750519e+007 
-3.732902e+008 5.389539e+007 
-3.733727e+008 5.028462e+007 
-3.734198e+008 4.667324e+007 
-3.734318e+008 4.306158e+007 
-3.734086e+008 3.944998e+007 
-3.733501e+008 3.583878e+007 
-3.732564e+008 3.222833e+007 
-3.731275e+008 2.861896e+007 
-3.729634e+008 2.501101e+007 
-3.727641e+008 2.140483e+007 
-3.725297e+008 1.780075e+007 
-3.722602e+008 1.419911e+007 
-3.719555e+008 1.060026e+007 
-3.716157e+008 7.004530e+006 
-3.712409e+008 3.412260e+006 
-3.708311e+008 -1.762112e+005 
-3.703863e+008 -3.760545e+006 
-3.699066e+008 -7.340404e+006 
-3.693920e+008 -1.091545e+007 
-3.688425e+008 -1.448535e+007 
-3.682583e+008 -1.804976e+007 
-3.676393e+008 -2.160835e+007 
-3.669857e+008 -2.516079e+007 
-3.662974e+008 -2.870673e+007 
-3.655746e+008 -3.224585e+007 
-3.648173e+008 -3.577781e+007 
-3.640257e+008 -3.930228e+007 
-3.631996e+008 -4.281892e+007 
-3.623394e+008 -4.632741e+007 
-3.614449e+008 -4.982742e+007 
-3.605164e+008 -5.331861e+007 
-3.595539e+008 -5.680067e+007 
-3.585574e+008 -6.027325e+007 
-3.575272e+008 -6.373603e+007 
-3.564632e+008 -6.718869e+007 
-3.553656e+008 -7.063090e+007 
-3.542345e+008 -7.406234e+007 
-3.530700e+008 -7.748268e+007 
-3.518722e+008 -8.089161e+007 
-3.506412e+008 -8.428880e+007 
-3.493772e+008 -8.767393e+007 
-3.480802e+008 -9.104669e+007 
-3.467503e+008 -9.440675e+007 
-3.453878e+008 -9.775380e+007 
-3.439927e+008 -1.010875e+008 
-3.425651e+008 -1.044076e+008 
-3.411052e+008 -1.077138e+008 
-3.396132e+008 -1.110056e+008 
-3.380891e+008 -1.142830e+008 
-3.365332e+008 -1.175454e+008 
-3.349455e+008 -1.207926e+008 
-3.333262e+008 -1.240244e+008 
-3.316754e+008 -1.272404e+008 
-3.299934e+008 -1.304402e+008 
-3.282803e+008 -1.336237e+008 
-3.265361e+008 -1.367905e+008 
-3.247612e+008 -1.399403e+008 
-3.229557e+008 -1.430727e+008 
-3.211196e+008 -1.461877e+008 
-3.192533e+008 -1.492847e+008 
-3.173569e+008 -1.523636e+008 
-3.154305e+008 -1.554240e+008 
-3.134744e+008 -1.584656e+008 
-3.114887e+008 -1.614883e+008 
-3.094736e+008 -1.644916e+008 
-3.074292e+008 -1.674753e+008 
-3.053559e+008 -1.704392e+008 
-3.032538e+008 -1.733829e+008 
-3.011231e+008 -1.763061e+008 
-2.989639e+008 -1.792087e+008 
-2.967765e+008 -1.820903e+008 
-2.945611e+008 -1.849507e+008 
-2.923179e+008 -1.877895e+008 
-2.900471e+008 -1.906065e+008 
-2.877490e+008 -1.934016e+008 
-2.854236e+008 -1.961743e+008 
-2.830713e+008 -1.989244e+008 
-2.806923e+008 -2.016517e+008 
-2.782868e+008 -2.043559e+008 
-2.758550e+008 -2.070368e+008 
-2.733972e+008 -2.096942e+008 
-2.709135e+008 -2.123276e+008 
-2.684043e+008 -2.149371e+008 
-2.658696e+008 -2.175221e+008 
-2.633099e+008 -2.200826e+008 
-2.607253e+008 -2.226184e+008 
-2.581161e+008 -2.251290e+008 
-2.554824e+008 -2.276144e+008 
-2.528246e+008 -2.300743e+008 
-2.501429e+008 -2.325084e+008 
-2.474376e+008 -2.349166e+008 
-2.447089e+008 -2.372985e+008 
-2.419570e+008 -2.396541e+008 
-2.391823e+008 -2.419830e+008 
-2.363849e+008 -2.442851e+008 
-2.335651e+008 -2.465601e+008 
-2.307233e+008 -2.488078e+008 
-2.278596e+008 -2.510280e+008 
-2.249744e+008 -2.532205e+008 
-2.220678e+008 -2.553851e+008 
-2.191403e+008 -2.575216e+008 
-2.161919e+008 -2.596298e+008 
-2.132231e+008 -2.617095e+008 
-2.102341e+008 -2.637605e+008 
-2.072252e+008 -2.657826e+008 
-2.041966e+008 -2.677756e+008 
-2.011487e+008 -2.697393e+008 
-1.980817e+008 -2.716737e+008 
-1.949959e+008 -2.735783e+008 
-1.918915e+008 -2.754532e+008 
-1.887690e+008 -2.772981e+008 
-1.856286e+008 -2.791128e+008 
-1.824705e+008 -2.808972e+008 
-1.792950e+008 -2.826512e+008 
-1.761026e+008 -2.843744e+008 
-1.728933e+008 -2.860669e+008 
-1.696677e+008 -2.877284e+008 
-1.664258e+008 -2.893587e+008 
-1.631682e+008 -2.909578e+008 
-1.598950e+008 -2.925255e+008 
-1.566065e+008 -2.940615e+008 
-1.533031e+008 -2.955659e+008 
-1.499851e+008 -2.970384e+008 
-1.466528e+008 -2.984789e+008 
-1.433064e+008 -2.998873e+008 
-1.399464e+008 -3.012634e+008 
-1.365729e+008 -3.026071e+008 
-1.331864e+008 -3.039184e+008 
-1.297871e+008 -3.051970e+008 
-1.263754e+008 -3.064428e+008 
-1.229515e+008 -3.076557e+008 
-1.195159e+008 -3.088357e+008 
-1.160687e+008 -3.099826e+008 
-1.126104e+008 -3.110963e+008 
-1.091412e+008 -3.121767e+008 
-1.056614e+008 -3.132237e+008 
-1.021715e+008 -3.142371e+008 
-9.867169e+007 -3.152170e+008 
-9.516230e+007 -3.161632e+008 
-9.164367e+007 -3.170756e+008 
-8.811614e+007 -3.179542e+008 
-8.458001e+007 -3.187988e+008 
-8.103562e+007 -3.196094e+008 
-7.748331e+007 -3.203859e+008 
-7.392339e+007 -3.211282e+008 
-7.035619e+007 -3.218363e+008 
-6.678205e+007 -3.225101e+008 
-6.320130e+007 -3.231496e+008 
-5.961426e+007 -3.237546e+008 
-5.602127e+007 -3.243251e+008 
-5.242266e+007 -3.248611e+008 
-4.881876e+007 -3.253625e+008 
-4.520991e+007 -3.258292e+008 
-4.159643e+007 -3.262613e+008 
-3.797867e+007 -3.266587e+008 
-3.435695e+007 -3.270213e+008 
-3.073161e+007 -3.273492e+008 
-2.710298e+007 -3.276422e+008 
-2.347140e+007 -3.279004e+008 
-1.983720e+007 -3.281237e+008 
-1.620072e+007 -3.283121e+008 
-1.256230e+007 -3.284656e+008 
-8.922257e+006 -3.285842e+008 
-5.280941e+006 -3.286678e+008 
-1.638683e+006 -3.287165e+008 
2.004182e+006 -3.287303e+008 
5.647317e+006 -3.287091e+008 
9.290389e+006 -3.286530e+008 
1.293306e+007 -3.285619e+008 
1.657500e+007 -3.284359e+008 
2.021587e+007 -3.282749e+008 
2.385533e+007 -3.280791e+008 
2.749305e+007 -3.278483e+008 
3.112871e+007 -3.275827e+008 
3.476195e+007 -3.272822e+008 
3.839245e+007 -3.269469e+008 
4.201988e+007 -3.265769e+008 
4.564390e+007 -3.261720e+008 
4.926418e+007 -3.257325e+008 
5.288039e+007 -3.252582e+008 
5.649220e+007 -3.247493e+008 
6.009926e+007 -3.242059e+008 
6.370126e+007 -3.236279e+008 
6.729787e+007 -3.230154e+008 
7.088874e+007 -3.223684e+008 
7.447356e+007 -3.216871e+008 
7.805199e+007 -3.209715e+008 
8.162371e+007 -3.202216e+008 
8.518839e+007 -3.194375e+008 
8.874571e+007 -3.186194e+008 
9.229533e+007 -3.177672e+008 
9.583693e+007 -3.168810e+008 
9.937019e+007 -3.159610e+008 
1.028948e+008 -3.150072e+008 
1.064104e+008 -3.140196e+008 
1.099167e+008 -3.129985e+008 
1.134133e+008 -3.119438e+008 
1.169001e+008 -3.108557e+008 
1.203765e+008 -3.097343e+008 
1.238424e+008 -3.085796e+008 
1.272973e+008 -3.073918e+008 
1.307411e+008 -3.061710e+008 
1.341733e+008 -3.049173e+008 
1.375936e+008 -3.036309e+008 
1.410018e+008 -3.023117e+008 
1.443975e+008 -3.009600e+008 
1.477805e+008 -2.995759e+008 
1.511503e+008 -2.981594e+008 
1.545067e+008 -2.967108e+008 
1.578495e+008 -2.952302e+008 
1.611782e+008 -2.937176e+008 
1.644926e+008 -2.921733e+008 
1.677924e+008 -2.905973e+008 
1.710773e+008 -2.889898e+008 
1.743470e+008 -2.873510e+008 
1.776012e+008 -2.856811e+008 
1.808395e+008 -2.839800e+008 
1.840617e+008 -2.822481e+008 
1.872676e+008 -2.804855e+008 
1.904567e+008 -2.786923e+008 
1.936289e+008 -2.768686e+008 
1.967838e+008 -2.750148e+008 
1.999211e+008 -2.731309e+008 
2.030406e+008 -2.712170e+008 
2.061420e+008 -2.692735e+008 
2.092250e+008 -2.673003e+008 
2.122892e+008 -2.652979e+008 
2.153345e+008 -2.632662e+008 
2.183606e+008 -2.612055e+008 
2.213671e+008 -2.591160e+008 
2.243538e+008 -2.569979e+008 
2.273205e+008 -2.548513e+008 
2.302669e+008 -2.526765e+008 
2.331926e+008 -2.504736e+008 
2.360974e+008 -2.482429e+008 
2.389812e+008 -2.459846e+008 
2.418435e+008 -2.436988e+008 
2.446842e+008 -2.413857e+008 
2.475030e+008 -2.390457e+008 
2.502995e+008 -2.366788e+008 
2.530737e+008 -2.342853e+008 
2.558252e+008 -2.318655e+008 
2.585538e+008 -2.294195e+008 
2.612592e+008 -2.269475e+008 
2.639412e+008 -2.244499e+008 
2.665995e+008 -2.219267e+008 
2.692339e+008 -2.193783e+008 
2.718442e+008 -2.168049e+008 
2.744301e+008 -2.142066e+008 
2.769914e+008 -2.115838e+008 
2.795279e+008 -2.089366e+008 
2.820392e+008 -2.062654e+008 
2.845253e+008 -2.035703e+008 
2.869859e+008 -2.008517e+008 
2.894207e+008 -1.981096e+008 
2.918295e+008 -1.953445e+008 
2.942121e+008 -1.925565e+008 
2.965684e+008 -1.897458e+008 
2.988980e+008 -1.869129e+008 
3.012008e+008 -1.840578e+008 
3.034766e+008 -1.811809e+008 
3.057251e+008 -1.782824e+008 
3.079461e+008 -1.753626e+008 
3.101396e+008 -1.724218e+008 
3.123051e+008 -1.694601e+008 
3.144427e+008 -1.664779e+008 
3.165520e+008 -1.634755e+008 
3.186328e+008 -1.604531e+008 
3.206851e+008 -1.574110e+008 
3.227086e+008 -1.543495e+008 
3.247031e+008 -1.512688e+008 
3.266684e+008 -1.481692e+008 
3.286043e+008 -1.450510e+008 
3.305108e+008 -1.419145e+008 
3.323876e+008 -1.387599e+008 
3.342345e+008 -1.355876e+008 
3.360514e+008 -1.323979e+008 
3.378381e+008 -1.291909e+008 
3.395945e+008 -1.259671e+008 
3.413203e+008 -1.227267e+008 
3.430155e+008 -1.194700e+008 
3.446799e+008 -1.161972e+008 
3.463133e+008 -1.129088e+008 
3.479156e+008 -1.096049e+008 
3.494866e+008 -1.062859e+008 
3.510262e+008 -1.029520e+008 
3.525343e+008 -9.960368e+007 
3.540107e+008 -9.624110e+007 
3.554553e+008 -9.286460e+007 
3.568680e+008 -8.947449e+007 
3.582486e+008 -8.607106e+007 
3.595970e+008 -8.265463e+007 
3.609130e+008 -7.922551e+007 
3.621967e+008 -7.578400e+007 
3.634478e+008 -7.233041e+007 
3.646663e+008 -6.886506e+007 
3.658519e+008 -6.538825e+007 
3.670047e+008 -6.190030e+007 
3.681245e+008 -5.840152e+007 
3.692113e+008 -5.489223e+007 
3.702648e+008 -5.137275e+007 
3.712851e+008 -4.784339e+007 
3.722720e+008 -4.430446e+007 
3.732255e+008 -4.075629e+007 
3.741454e+008 -3.719920e+007 
3.750317e+008 -3.363350e+007 
3.758842e+008 -3.005952e+007 
3.767030e+008 -2.647758e+007 
3.774880e+008 -2.288800e+007 
3.782390e+008 -1.929110e+007 
3.789560e+008 -1.568721e+007 
3.796389e+008 -1.207665e+007 
3.802878e+008 -8.459752e+006 
3.809024e+008 -4.836834e+006 
3.814829e+008 -1.208223e+006 
3.820290e+008 2.425753e+006 
3.825408e+008 6.064767e+006 
3.830182e+008 9.708493e+006 
3.834612e+008 1.335660e+007 
3.838697e+008 1.700877e+007 
3.842438e+008 2.066466e+007 
3.845833e+008 2.432395e+007 
3.848882e+008 2.798631e+007 
3.851585e+008 3.165141e+007 
3.853942e+008 3.531891e+007 
3.855953e+008 3.898850e+007 
3.857617e+008 4.265984e+007 
3.858934e+008 4.633260e+007 
3.859905e+008 5.000644e+007 
3.860529e+008 5.368105e+007 
3.860805e+008 5.735608e+007 
3.860735e+008 6.103121e+007 
3.860318e+008 6.470611e+007 
3.859553e+008 6.838045e+007 
3.858442e+008 7.205389e+007 
3.856984e+008 7.572611e+007 
3.855179e+008 7.939677e+007 
3.853028e+008 8.306555e+007 
3.850531e+008 8.673212e+007 
3.847687e+008 9.039614e+007 
3.844498e+008 9.405729e+007 
3.840963e+008 9.771523e+007 
3.837083e+008 1.013696e+008 
3.832857e+008 1.050202e+008 
3.828288e+008 1.086666e+008 
3.823374e+008 1.123084e+008 
3.818117e+008 1.159454e+008 
3.812517e+008 1.195772e+008 
3.806573e+008 1.232036e+008 
3.800288e+008 1.268241e+008 
3.793662e+008 1.304384e+008 
3.786694e+008 1.340463e+008 
3.779386e+008 1.376474e+008 
3.771738e+008 1.412413e+008 
3.763751e+008 1.448278e+008 
3.755426e+008 1.484066e+008 
3.746764e+008 1.519772e+008 
3.737765e+008 1.555395e+008 
3.728429e+008 1.590930e+008 
3.718759e+008 1.626374e+008 
3.708755e+008 1.661725e+008 
3.698417e+008 1.696978e+008 
3.687747e+008 1.732132e+008 
3.676745e+008 1.767183e+008 
3.665413e+008 1.802127e+008 
3.653752e+008 1.836961e+008 
3.641762e+008 1.871683e+008 
3.629446e+008 1.906289e+008 
3.616802e+008 1.940776e+008 
3.603834e+008 1.975141e+008 
3.590542e+008 2.009381e+008 
3.576928e+008 2.043492e+008 
3.562992e+008 2.077473e+008 
3.548736e+008 2.111319e+008 
3.534161e+008 2.145028e+008 
3.519268e+008 2.178596e+008 
3.504059e+008 2.212021e+008 
3.488536e+008 2.245299e+008 
3.472699e+008 2.278428e+008 
3.456550e+008 2.311404e+008 
3.440090e+008 2.344225e+008 
3.423321e+008 2.376888e+008 
3.406245e+008 2.409389e+008 
3.388863e+008 2.441726e+008 
3.371176e+008 2.473896e+008 
3.353187e+008 2.505896e+008 
3.334896e+008 2.537723e+008 
3.316306e+008 2.569374e+008 
3.297418e+008 2.600846e+008 
3.278234e+008 2.632137e+008 
3.258755e+008 2.663243e+008 
3.238984e+008 2.694163e+008 
3.218921e+008 2.724892e+008 
3.198570e+008 2.755429e+008 
3.177932e+008 2.785770e+008 
3.157008e+008 2.815913e+008 
3.135800e+008 2.845855e+008 
3.114311e+008 2.875594e+008 
3.092543e+008 2.905126e+008 
3.070497e+008 2.934449e+008 
3.048175e+008 2.963561e+008 
3.025579e+008 2.992458e+008 
3.002712e+008 3.021139e+008 
2.979576e+008 3.049600e+008 
2.956172e+008 3.077839e+008 
2.932502e+008 3.105854e+008 
2.908570e+008 3.133641e+008 
2.884376e+008 3.161199e+008 
2.859924e+008 3.188525e+008 
2.835215e+008 3.215616e+008 
2.810252e+008 3.242470e+008 
2.785037e+008 3.269085e+008 
2.759572e+008 3.295458e+008 
2.733860e+008 3.321587e+008 
2.707902e+008 3.347469e+008 
2.681702e+008 3.373102e+008 
2.655261e+008 3.398484e+008 
2.628582e+008 3.423612e+008 
2.601667e+008 3.448485e+008 
2.574520e+008 3.473099e+008 
2.547141e+008 3.497453e+008 
2.519535e+008 3.521545e+008 
2.491702e+008 3.545372e+008 
2.463647e+008 3.568932e+008 
2.435371e+008 3.592223e+008 
2.406876e+008 3.615244e+008 
2.378167e+008 3.637991e+008 
2.349244e+008 3.660462e+008 
2.320111e+008 3.682657e+008 
2.290771e+008 3.704572e+008 
2.261226e+008 3.726206e+008 
2.231478e+008 3.747557e+008 
2.201531e+008 3.768623e+008 
2.171387e+008 3.789401e+008 
2.141049e+008 3.809891e+008 
2.110519e+008 3.830090e+008 
2.079801e+008 3.849996e+008 
2.048898e+008 3.869608e+008 
2.017811e+008 3.888923e+008 
1.986544e+008 3.907941e+008 
1.955100e+008 3.926659e+008 
1.923482e+008 3.945076e+008 
1.891692e+008 3.963189e+008 
1.859734e+008 3.980998e+008 
1.827609e+008 3.998500e+008 
1.795322e+008 4.015695e+008 
1.762875e+008 4.032580e+008 
1.730271e+008 4.049155e+008 
1.697514e+008 4.065416e+008 
1.664605e+008 4.081364e+008 
1.631548e+008 4.096996e+008 
1.598347e+008 4.112312e+008 
1.565004e+008 4.127309e+008 
1.531521e+008 4.141987e+008 
1.497903e+008 4.156344e+008 
1.464152e+008 4.170378e+008 
1.430272e+008 4.184089e+008 
1.396265e+008 4.197476e+008 
1.362135e+008 4.210536e+008 
1.327884e+008 4.223269e+008 
1.293516e+008 4.235674e+008 
1.259034e+008 4.247750e+008 
1.224441e+008 4.259495e+008 
