1440 2
0.000000e+000 0.000000e+000 
2.148970e+002 0.000000e+000 
8.595683e+002 4.118326e+000 
1.933955e+003 1.647293e+001 
3.437959e+003 4.118104e+001 
5.371443e+003 8.235874e+001 
7.734231e+003 1.441207e+002 
1.052611e+004 2.305796e+002 
1.374681e+004 3.458461e+002 
1.739606e+004 4.940282e+002 
2.147351e+004 6.792307e+002 
2.597879e+004 9.055555e+002 
3.091150e+004 1.177101e+003 
3.627118e+004 1.497960e+003 
4.205733e+004 1.872222e+003 
4.826944e+004 2.303973e+003 
5.490694e+004 2.797292e+003 
6.196921e+004 3.356253e+003 
6.945562e+004 3.984924e+003 
7.736548e+004 4.687366e+003 
8.569806e+004 5.467635e+003 
9.445261e+004 6.329780e+003 
1.036283e+005 7.277840e+003 
1.132244e+005 8.315850e+003 
1.232399e+005 9.447833e+003 
1.336739e+005 1.067781e+004 
1.445255e+005 1.200978e+004 
1.557937e+005 1.344775e+004 
1.674775e+005 1.499571e+004 
1.795758e+005 1.665763e+004 
1.920874e+005 1.843748e+004 
2.050113e+005 2.033923e+004 
2.183463e+005 2.236682e+004 
2.320911e+005 2.452418e+004 
2.462445e+005 2.681524e+004 
2.608052e+005 2.924392e+004 
2.757718e+005 3.181410e+004 
2.911431e+005 3.452969e+004 
3.069175e+005 3.739455e+004 
3.230937e+005 4.041254e+004 
3.396702e+005 4.358752e+004 
3.566454e+005 4.692331e+004 
3.740178e+005 5.042373e+004 
3.917859e+005 5.409258e+004 
4.099479e+005 5.793366e+004 
4.285022e+005 6.195074e+004 
4.474472e+005 6.614757e+004 
4.667811e+005 7.052789e+004 
4.865021e+005 7.509543e+004 
5.066084e+005 7.985389e+004 
5.270982e+005 8.480697e+004 
5.479697e+005 8.995834e+004 
5.692208e+005 9.531165e+004 
5.908497e+005 1.008705e+005 
6.128544e+005 1.066386e+005 
6.352328e+005 1.126195e+005 
6.579830e+005 1.188168e+005 
6.811027e+005 1.252339e+005 
7.045900e+005 1.318746e+005 
7.284427e+005 1.387423e+005 
7.526586e+005 1.458404e+005 
7.772354e+005 1.531725e+005 
8.021709e+005 1.607421e+005 
8.274629e+005 1.685525e+005 
8.531090e+005 1.766073e+005 
8.791068e+005 1.849096e+005 
9.054540e+005 1.934631e+005 
9.321482e+005 2.022709e+005 
9.591870e+005 2.113364e+005 
9.865678e+005 2.206630e+005 
1.014288e+006 2.302539e+005 
1.042345e+006 2.401123e+005 
1.070737e+006 2.502414e+005 
1.099461e+006 2.606446e+005 
1.128513e+006 2.713249e+005 
1.157893e+006 2.822856e+005 
1.187596e+006 2.935297e+005 
1.217620e+006 3.050603e+005 
1.247963e+006 3.168806e+005 
1.278621e+006 3.289936e+005 
1.309592e+006 3.414022e+005 
1.340873e+006 3.541096e+005 
1.372461e+006 3.671186e+005 
1.404353e+006 3.804323e+005 
1.436546e+006 3.940535e+005 
1.469038e+006 4.079851e+005 
1.501824e+006 4.222300e+005 
1.534904e+006 4.367910e+005 
1.568272e+006 4.516710e+005 
1.601927e+006 4.668726e+005 
1.635864e+006 4.823987e+005 
1.670082e+006 4.982519e+005 
1.704576e+006 5.144349e+005 
1.739344e+006 5.309505e+005 
1.774383e+006 5.478012e+005 
1.809689e+006 5.649896e+005 
1.845259e+006 5.825182e+005 
1.881089e+006 6.003897e+005 
1.917177e+006 6.186065e+005 
1.953519e+006 6.371711e+005 
1.990112e+006 6.560859e+005 
2.026953e+006 6.753533e+005 
2.064037e+006 6.949758e+005 
2.101362e+006 7.149556e+005 
2.138924e+006 7.352950e+005 
2.176720e+006 7.559964e+005 
2.214746e+006 7.770619e+005 
2.252999e+006 7.984939e+005 
2.291475e+006 8.202944e+005 
2.330171e+006 8.424657e+005 
2.369083e+006 8.650097e+005 
2.408208e+006 8.879287e+005 
2.447541e+006 9.112245e+005 
2.487080e+006 9.348994e+005 
2.526821e+006 9.589551e+005 
2.566759e+006 9.833938e+005 
2.606892e+006 1.008217e+006 
2.647215e+006 1.033427e+006 
2.687726e+006 1.059026e+006 
2.728419e+006 1.085014e+006 
2.769292e+006 1.111395e+006 
2.810341e+006 1.138170e+006 
2.851562e+006 1.165339e+006 
2.892950e+006 1.192906e+006 
2.934503e+006 1.220872e+006 
2.976217e+006 1.249238e+006 
3.018087e+006 1.278006e+006 
3.060109e+006 1.307177e+006 
3.102281e+006 1.336753e+006 
3.144598e+006 1.366735e+006 
3.187055e+006 1.397125e+006 
3.229650e+006 1.427924e+006 
3.272378e+006 1.459133e+006 
3.315235e+006 1.490754e+006 
3.358217e+006 1.522787e+006 
3.401321e+006 1.555235e+006 
3.444542e+006 1.588097e+006 
3.487877e+006 1.621376e+006 
3.531320e+006 1.655073e+006 
3.574869e+006 1.689188e+006 
3.618520e+006 1.723722e+006 
3.662267e+006 1.758677e+006 
3.706108e+006 1.794054e+006 
3.750038e+006 1.829852e+006 
3.794053e+006 1.866074e+006 
3.838150e+006 1.902720e+006 
3.882323e+006 1.939791e+006 
3.926569e+006 1.977287e+006 
3.970883e+006 2.015209e+006 
4.015263e+006 2.053558e+006 
4.059703e+006 2.092335e+006 
4.104199e+006 2.131540e+006 
4.148748e+006 2.171173e+006 
4.193344e+006 2.211236e+006 
4.237985e+006 2.251728e+006 
4.282666e+006 2.292650e+006 
4.327383e+006 2.334003e+006 
4.372131e+006 2.375786e+006 
4.416907e+006 2.418001e+006 
4.461706e+006 2.460647e+006 
4.506524e+006 2.503724e+006 
4.551357e+006 2.547233e+006 
4.596201e+006 2.591174e+006 
4.641052e+006 2.635547e+006 
4.685905e+006 2.680352e+006 
4.730757e+006 2.725590e+006 
4.775603e+006 2.771259e+006 
4.820439e+006 2.817360e+006 
4.865261e+006 2.863894e+006 
4.910065e+006 2.910859e+006 
4.954846e+006 2.958255e+006 
4.999600e+006 3.006083e+006 
5.044324e+006 3.054343e+006 
5.089013e+006 3.103033e+006 
5.133663e+006 3.152153e+006 
5.178270e+006 3.201704e+006 
5.222829e+006 3.251685e+006 
5.267337e+006 3.302095e+006 
5.311789e+006 3.352933e+006 
5.356181e+006 3.404200e+006 
5.400510e+006 3.455895e+006 
5.444770e+006 3.508017e+006 
5.488958e+006 3.560565e+006 
5.533071e+006 3.613538e+006 
5.577102e+006 3.666937e+006 
5.621050e+006 3.720760e+006 
5.664908e+006 3.775007e+006 
5.708674e+006 3.829676e+006 
5.752344e+006 3.884766e+006 
5.795912e+006 3.940278e+006 
5.839376e+006 3.996209e+006 
5.882731e+006 4.052559e+006 
5.925973e+006 4.109326e+006 
5.969098e+006 4.166510e+006 
6.012102e+006 4.224110e+006 
6.054981e+006 4.282124e+006 
6.097731e+006 4.340551e+006 
6.140348e+006 4.399390e+006 
6.182828e+006 4.458640e+006 
6.225167e+006 4.518299e+006 
6.267361e+006 4.578365e+006 
6.309407e+006 4.638838e+006 
6.351300e+006 4.699717e+006 
6.393036e+006 4.760999e+006 
6.434612e+006 4.822683e+006 
6.476023e+006 4.884767e+006 
6.517266e+006 4.947251e+006 
6.558337e+006 5.010131e+006 
6.599232e+006 5.073408e+006 
6.639947e+006 5.137078e+006 
6.680479e+006 5.201141e+006 
6.720823e+006 5.265594e+006 
6.760976e+006 5.330436e+006 
6.800934e+006 5.395665e+006 
6.840693e+006 5.461278e+006 
6.880251e+006 5.527275e+006 
6.919602e+006 5.593652e+006 
6.958743e+006 5.660409e+006 
6.997671e+006 5.727542e+006 
7.036382e+006 5.795051e+006 
7.074873e+006 5.862933e+006 
7.113139e+006 5.931185e+006 
7.151177e+006 5.999806e+006 
7.188984e+006 6.068793e+006 
7.226556e+006 6.138144e+006 
7.263889e+006 6.207857e+006 
7.300981e+006 6.277930e+006 
7.337827e+006 6.348360e+006 
7.374424e+006 6.419145e+006 
7.410769e+006 6.490282e+006 
7.446858e+006 6.561769e+006 
7.482689e+006 6.633604e+006 
7.518256e+006 6.705784e+006 
7.553558e+006 6.778306e+006 
7.588591e+006 6.851168e+006 
7.623352e+006 6.924368e+006 
7.657837e+006 6.997902e+006 
7.692043e+006 7.071768e+006 
7.725967e+006 7.145963e+006 
7.759605e+006 7.220485e+006 
7.792956e+006 7.295331e+006 
7.826015e+006 7.370498e+006 
7.858779e+006 7.445983e+006 
7.891245e+006 7.521784e+006 
7.923411e+006 7.597896e+006 
7.955273e+006 7.674319e+006 
7.986828e+006 7.751048e+006 
8.018074e+006 7.828081e+006 
8.049006e+006 7.905414e+006 
8.079624e+006 7.983045e+006 
8.109923e+006 8.060971e+006 
8.139900e+006 8.139188e+006 
8.169554e+006 8.217693e+006 
8.198880e+006 8.296484e+006 
8.227877e+006 8.375556e+006 
8.256542e+006 8.454908e+006 
8.284871e+006 8.534535e+006 
8.312863e+006 8.614435e+006 
8.340515e+006 8.694604e+006 
8.367823e+006 8.775038e+006 
8.394787e+006 8.855736e+006 
8.421402e+006 8.936692e+006 
8.447666e+006 9.017904e+006 
8.473578e+006 9.099369e+006 
8.499134e+006 9.181082e+006 
8.524332e+006 9.263042e+006 
8.549170e+006 9.345243e+006 
8.573645e+006 9.427683e+006 
8.597756e+006 9.510357e+006 
8.621499e+006 9.593264e+006 
8.644873e+006 9.676398e+006 
8.667876e+006 9.759757e+006 
8.690505e+006 9.843337e+006 
8.712757e+006 9.927134e+006 
8.734632e+006 1.001114e+007 
8.756127e+006 1.009536e+007 
8.777240e+006 1.017979e+007 
8.797969e+006 1.026442e+007 
8.818312e+006 1.034925e+007 
8.838267e+006 1.043427e+007 
8.857833e+006 1.051948e+007 
8.877007e+006 1.060489e+007 
8.895787e+006 1.069047e+007 
8.914172e+006 1.077624e+007 
8.932160e+006 1.086218e+007 
8.949750e+006 1.094829e+007 
8.966939e+006 1.103457e+007 
8.983727e+006 1.112102e+007 
9.000111e+006 1.120762e+007 
9.016090e+006 1.129439e+007 
9.031663e+006 1.138130e+007 
9.046827e+006 1.146837e+007 
9.061582e+006 1.155558e+007 
9.075927e+006 1.164293e+007 
9.089859e+006 1.173042e+007 
9.103378e+006 1.181804e+007 
9.116482e+006 1.190579e+007 
9.129170e+006 1.199366e+007 
9.141441e+006 1.208166e+007 
9.153294e+006 1.216977e+007 
9.164727e+006 1.225799e+007 
9.175740e+006 1.234633e+007 
9.186331e+006 1.243476e+007 
9.196500e+006 1.252330e+007 
9.206245e+006 1.261194e+007 
9.215565e+006 1.270066e+007 
9.224461e+006 1.278948e+007 
9.232930e+006 1.287838e+007 
9.240972e+006 1.296736e+007 
9.248587e+006 1.305641e+007 
9.255773e+006 1.314554e+007 
9.262530e+006 1.323473e+007 
9.268858e+006 1.332399e+007 
9.274755e+006 1.341331e+007 
9.280221e+006 1.350268e+007 
9.285256e+006 1.359210e+007 
9.289859e+006 1.368157e+007 
9.294029e+006 1.377108e+007 
9.297767e+006 1.386063e+007 
9.301072e+006 1.395022e+007 
9.303944e+006 1.403983e+007 
9.306382e+006 1.412947e+007 
9.308386e+006 1.421913e+007 
9.309956e+006 1.430881e+007 
9.311091e+006 1.439851e+007 
9.311793e+006 1.448821e+007 
9.312060e+006 1.457791e+007 
9.311893e+006 1.466762e+007 
9.311291e+006 1.475732e+007 
9.310255e+006 1.484701e+007 
9.308785e+006 1.493670e+007 
9.306880e+006 1.502636e+007 
9.304542e+006 1.511601e+007 
9.301770e+006 1.520563e+007 
9.298565e+006 1.529522e+007 
9.294926e+006 1.538478e+007 
9.290855e+006 1.547430e+007 
9.286351e+006 1.556378e+007 
9.281416e+006 1.565321e+007 
9.276049e+006 1.574260e+007 
9.270250e+006 1.583193e+007 
9.264022e+006 1.592120e+007 
9.257363e+006 1.601041e+007 
9.250276e+006 1.609955e+007 
9.242759e+006 1.618862e+007 
9.234815e+006 1.627762e+007 
9.226444e+006 1.636654e+007 
9.217646e+006 1.645537e+007 
9.208423e+006 1.654412e+007 
9.198775e+006 1.663278e+007 
9.188704e+006 1.672134e+007 
9.178210e+006 1.680980e+007 
9.167294e+006 1.689815e+007 
9.155957e+006 1.698640e+007 
9.144201e+006 1.707454e+007 
9.132026e+006 1.716257e+007 
9.119433e+006 1.725047e+007 
9.106425e+006 1.733825e+007 
9.093001e+006 1.742590e+007 
9.079163e+006 1.751341e+007 
9.064914e+006 1.760080e+007 
9.050253e+006 1.768804e+007 
9.035182e+006 1.777514e+007 
9.019703e+006 1.786209e+007 
9.003817e+006 1.794889e+007 
8.987526e+006 1.803553e+007 
8.970831e+006 1.812201e+007 
8.953734e+006 1.820833e+007 
8.936236e+006 1.829449e+007 
8.918339e+006 1.838047e+007 
8.900045e+006 1.846627e+007 
8.881355e+006 1.855190e+007 
8.862271e+006 1.863734e+007 
8.842796e+006 1.872260e+007 
8.822930e+006 1.880767e+007 
8.802676e+006 1.889254e+007 
8.782036e+006 1.897722e+007 
8.761011e+006 1.906169e+007 
8.739603e+006 1.914596e+007 
8.717815e+006 1.923002e+007 
8.695649e+006 1.931386e+007 
8.673106e+006 1.939749e+007 
8.650190e+006 1.948090e+007 
8.626901e+006 1.956409e+007 
8.603242e+006 1.964705e+007 
8.579215e+006 1.972978e+007 
8.554824e+006 1.981227e+007 
8.530069e+006 1.989453e+007 
8.504953e+006 1.997654e+007 
8.479479e+006 2.005831e+007 
8.453649e+006 2.013983e+007 
8.427465e+006 2.022110e+007 
8.400931e+006 2.030212e+007 
8.374047e+006 2.038288e+007 
8.346818e+006 2.046337e+007 
8.319245e+006 2.054360e+007 
8.291331e+006 2.062356e+007 
8.263079e+006 2.070325e+007 
8.234491e+006 2.078267e+007 
8.205570e+006 2.086181e+007 
8.176319e+006 2.094066e+007 
8.146740e+006 2.101923e+007 
8.116837e+006 2.109752e+007 
8.086611e+006 2.117551e+007 
8.056067e+006 2.125321e+007 
8.025206e+006 2.133061e+007 
7.994033e+006 2.140771e+007 
7.962548e+006 2.148451e+007 
7.930756e+006 2.156100e+007 
7.898660e+006 2.163719e+007 
7.866263e+006 2.171306e+007 
7.833566e+006 2.178862e+007 
7.800575e+006 2.186386e+007 
7.767291e+006 2.193878e+007 
7.733719e+006 2.201338e+007 
7.699860e+006 2.208765e+007 
7.665718e+006 2.216159e+007 
7.631297e+006 2.223520e+007 
7.596600e+006 2.230848e+007 
7.561629e+006 2.238141e+007 
7.526389e+006 2.245402e+007 
7.490882e+006 2.252627e+007 
7.455112e+006 2.259819e+007 
7.419081e+006 2.266976e+007 
7.382795e+006 2.274097e+007 
7.346255e+006 2.281184e+007 
7.309466e+006 2.288235e+007 
7.272431e+006 2.295251e+007 
7.235152e+006 2.302230e+007 
7.197635e+006 2.309174e+007 
7.159882e+006 2.316081e+007 
7.121896e+006 2.322951e+007 
7.083682e+006 2.329785e+007 
7.045243e+006 2.336582e+007 
7.006583e+006 2.343341e+007 
6.967704e+006 2.350063e+007 
6.928611e+006 2.356747e+007 
6.889308e+006 2.363394e+007 
6.849798e+006 2.370002e+007 
6.810085e+006 2.376573e+007 
6.770172e+006 2.383104e+007 
6.730063e+006 2.389597e+007 
6.689763e+006 2.396052e+007 
6.649274e+006 2.402467e+007 
6.608600e+006 2.408843e+007 
6.567746e+006 2.415180e+007 
6.526716e+006 2.421477e+007 
6.485512e+006 2.427734e+007 
6.444139e+006 2.433952e+007 
6.402601e+006 2.440130e+007 
6.360901e+006 2.446267e+007 
6.319044e+006 2.452364e+007 
6.277033e+006 2.458421e+007 
6.234872e+006 2.464437e+007 
6.192566e+006 2.470412e+007 
6.150118e+006 2.476346e+007 
6.107532e+006 2.482240e+007 
6.064812e+006 2.488092e+007 
6.021963e+006 2.493903e+007 
5.978987e+006 2.499672e+007 
5.935889e+006 2.505400e+007 
5.892674e+006 2.511087e+007 
5.849345e+006 2.516731e+007 
5.805906e+006 2.522334e+007 
5.762361e+006 2.527895e+007 
5.718714e+006 2.533413e+007 
5.674970e+006 2.538890e+007 
5.631132e+006 2.544324e+007 
5.587205e+006 2.549716e+007 
5.543192e+006 2.555066e+007 
5.499099e+006 2.560373e+007 
5.454927e+006 2.565638e+007 
5.410683e+006 2.570860e+007 
5.366370e+006 2.576039e+007 
5.321992e+006 2.581176e+007 
5.277553e+006 2.586269e+007 
5.233058e+006 2.591320e+007 
5.188510e+006 2.596328e+007 
5.143914e+006 2.601293e+007 
5.099273e+006 2.606215e+007 
5.054593e+006 2.611094e+007 
5.009877e+006 2.615930e+007 
4.965129e+006 2.620722e+007 
4.920354e+006 2.625472e+007 
4.875555e+006 2.630178e+007 
4.830737e+006 2.634842e+007 
4.785904e+006 2.639462e+007 
4.741060e+006 2.644039e+007 
4.696209e+006 2.648572e+007 
4.651356e+006 2.653063e+007 
4.606504e+006 2.657510e+007 
4.561658e+006 2.661914e+007 
4.516822e+006 2.666275e+007 
4.472000e+006 2.670592e+007 
4.427196e+006 2.674867e+007 
4.382415e+006 2.679098e+007 
4.337660e+006 2.683286e+007 
4.292936e+006 2.687432e+007 
4.248246e+006 2.691534e+007 
4.203596e+006 2.695593e+007 
4.158988e+006 2.699609e+007 
4.114428e+006 2.703582e+007 
4.069920e+006 2.707512e+007 
4.025466e+006 2.711400e+007 
3.981073e+006 2.715245e+007 
3.936743e+006 2.719047e+007 
3.892481e+006 2.722806e+007 
3.848291e+006 2.726523e+007 
3.804177e+006 2.730197e+007 
3.760142e+006 2.733829e+007 
3.716193e+006 2.737419e+007 
3.672331e+006 2.740966e+007 
3.628561e+006 2.744471e+007 
3.584888e+006 2.747934e+007 
3.541316e+006 2.751356e+007 
3.497847e+006 2.754735e+007 
3.454488e+006 2.758072e+007 
3.411240e+006 2.761368e+007 
3.368109e+006 2.764622e+007 
3.325098e+006 2.767835e+007 
3.282212e+006 2.771007e+007 
3.239454e+006 2.774137e+007 
3.196829e+006 2.777226e+007 
3.154339e+006 2.780275e+007 
3.111990e+006 2.783282e+007 
3.069785e+006 2.786249e+007 
3.027728e+006 2.789176e+007 
2.985822e+006 2.792062e+007 
2.944072e+006 2.794907e+007 
2.902482e+006 2.797713e+007 
2.861056e+006 2.800479e+007 
2.819796e+006 2.803205e+007 
2.778707e+006 2.805892e+007 
2.737794e+006 2.808539e+007 
2.697059e+006 2.811147e+007 
2.656506e+006 2.813715e+007 
2.616139e+006 2.816245e+007 
2.575962e+006 2.818737e+007 
2.535979e+006 2.821189e+007 
2.496192e+006 2.823604e+007 
2.456607e+006 2.825980e+007 
2.417226e+006 2.828318e+007 
2.378053e+006 2.830619e+007 
2.339092e+006 2.832882e+007 
2.300346e+006 2.835107e+007 
2.261819e+006 2.837296e+007 
2.223515e+006 2.839448e+007 
2.185436e+006 2.841562e+007 
2.147587e+006 2.843641e+007 
2.109971e+006 2.845683e+007 
2.072591e+006 2.847689e+007 
2.035451e+006 2.849660e+007 
1.998555e+006 2.851595e+007 
1.961904e+006 2.853494e+007 
1.925504e+006 2.855359e+007 
1.889358e+006 2.857188e+007 
1.853468e+006 2.858983e+007 
1.817838e+006 2.860744e+007 
1.782471e+006 2.862471e+007 
1.747371e+006 2.864164e+007 
1.712540e+006 2.865823e+007 
1.677983e+006 2.867449e+007 
1.643701e+006 2.869042e+007 
1.609699e+006 2.870602e+007 
1.575979e+006 2.872129e+007 
1.542545e+006 2.873625e+007 
1.509399e+006 2.875088e+007 
1.476545e+006 2.876520e+007 
1.443985e+006 2.877920e+007 
1.411723e+006 2.879289e+007 
1.379761e+006 2.880628e+007 
1.348103e+006 2.881936e+007 
1.316752e+006 2.883213e+007 
1.285709e+006 2.884461e+007 
1.254979e+006 2.885679e+007 
1.224564e+006 2.886868e+007 
1.194466e+006 2.888028e+007 
1.164689e+006 2.889158e+007 
1.135235e+006 2.890261e+007 
1.106107e+006 2.891335e+007 
1.077307e+006 2.892382e+007 
1.048839e+006 2.893401e+007 
1.020705e+006 2.894393e+007 
9.929069e+005 2.895359e+007 
9.654479e+005 2.896297e+007 
9.383304e+005 2.897210e+007 
9.115569e+005 2.898096e+007 
8.851297e+005 2.898958e+007 
8.590514e+005 2.899794e+007 
8.333243e+005 2.900605e+007 
8.079508e+005 2.901391e+007 
7.829332e+005 2.902154e+007 
7.582737e+005 2.902892e+007 
7.339748e+005 2.903608e+007 
7.100385e+005 2.904300e+007 
6.864671e+005 2.904969e+007 
6.632627e+005 2.905616e+007 
6.404274e+005 2.906240e+007 
6.179634e+005 2.906843e+007 
5.958727e+005 2.907425e+007 
5.741573e+005 2.907986e+007 
5.528192e+005 2.908526e+007 
5.318604e+005 2.909046e+007 
5.112827e+005 2.909545e+007 
4.910881e+005 2.910026e+007 
4.712785e+005 2.910487e+007 
4.518555e+005 2.910929e+007 
4.328210e+005 2.911353e+007 
4.141768e+005 2.911759e+007 
3.959245e+005 2.912147e+007 
3.780658e+005 2.912518e+007 
3.606023e+005 2.912872e+007 
3.435357e+005 2.913209e+007 
3.268675e+005 2.913530e+007 
3.105993e+005 2.913835e+007 
2.947324e+005 2.914125e+007 
2.792684e+005 2.914400e+007 
2.642087e+005 2.914661e+007 
2.495546e+005 2.914907e+007 
2.353075e+005 2.915139e+007 
2.214687e+005 2.915358e+007 
2.080395e+005 2.915564e+007 
1.950211e+005 2.915757e+007 
1.824146e+005 2.915937e+007 
1.702213e+005 2.916106e+007 
1.584422e+005 2.916264e+007 
1.470784e+005 2.916410e+007 
1.361310e+005 2.916545e+007 
1.256010e+005 2.916671e+007 
1.154892e+005 2.916786e+007 
1.057967e+005 2.916892e+007 
9.652439e+004 2.916989e+007 
8.767301e+004 2.917077e+007 
7.924342e+004 2.917157e+007 
7.123638e+004 2.917229e+007 
6.365263e+004 2.917293e+007 
5.649286e+004 2.917351e+007 
4.975772e+004 2.917402e+007 
4.344784e+004 2.917446e+007 
3.756378e+004 2.917485e+007 
3.210608e+004 2.917518e+007 
2.707524e+004 2.917547e+007 
2.247173e+004 2.917570e+007 
1.829595e+004 2.917590e+007 
1.454830e+004 2.917605e+007 
1.122912e+004 2.917617e+007 
8.338701e+003 2.917627e+007 
5.877317e+003 2.917633e+007 
3.845190e+003 2.917638e+007 
2.242506e+003 2.917641e+007 
1.069411e+003 2.917642e+007 
3.260126e+002 2.917643e+007 
1.237848e+001 2.917643e+007 
1.285373e+002 2.917643e+007 
6.744784e+002 2.917643e+007 
1.650152e+003 2.917644e+007 
3.055469e+003 2.917646e+007 
4.890301e+003 2.917650e+007 
7.154480e+003 2.917656e+007 
9.847800e+003 2.917664e+007 
1.297002e+004 2.917675e+007 
1.652084e+004 2.917689e+007 
2.049995e+004 2.917706e+007 
2.490698e+004 2.917728e+007 
2.974153e+004 2.917754e+007 
3.500316e+004 2.917785e+007 
4.069138e+004 2.917821e+007 
4.680569e+004 2.917863e+007 
5.334551e+004 2.917911e+007 
6.031025e+004 2.917965e+007 
6.769928e+004 2.918026e+007 
7.551192e+004 2.918095e+007 
8.374746e+004 2.918171e+007 
9.240514e+004 2.918255e+007 
1.014842e+005 2.918348e+007 
1.109837e+005 2.918450e+007 
1.209030e+005 2.918561e+007 
1.312409e+005 2.918682e+007 
1.419967e+005 2.918812e+007 
1.531693e+005 2.918954e+007 
1.647577e+005 2.919106e+007 
1.767608e+005 2.919269e+007 
1.891776e+005 2.919445e+007 
2.020069e+005 2.919632e+007 
2.152475e+005 2.919832e+007 
2.288983e+005 2.920045e+007 
2.429579e+005 2.920271e+007 
2.574252e+005 2.920510e+007 
2.722987e+005 2.920764e+007 
2.875771e+005 2.921032e+007 
3.032591e+005 2.921315e+007 
3.193431e+005 2.921613e+007 
3.358277e+005 2.921927e+007 
3.527115e+005 2.922257e+007 
3.699928e+005 2.922603e+007 
3.876701e+005 2.922966e+007 
4.057418e+005 2.923346e+007 
4.242061e+005 2.923744e+007 
4.430615e+005 2.924160e+007 
4.623062e+005 2.924593e+007 
4.819385e+005 2.925046e+007 
5.019564e+005 2.925517e+007 
5.223583e+005 2.926008e+007 
5.431423e+005 2.926519e+007 
5.643063e+005 2.927049e+007 
5.858486e+005 2.927600e+007 
6.077671e+005 2.928172e+007 
6.300599e+005 2.928766e+007 
6.527248e+005 2.929380e+007 
6.757599e+005 2.930017e+007 
6.991630e+005 2.930676e+007 
7.229319e+005 2.931357e+007 
7.470645e+005 2.932062e+007 
7.715586e+005 2.932790e+007 
7.964119e+005 2.933541e+007 
8.216222e+005 2.934317e+007 
8.471872e+005 2.935116e+007 
8.731044e+005 2.935941e+007 
8.993716e+005 2.936790e+007 
9.259863e+005 2.937665e+007 
9.529461e+005 2.938566e+007 
9.802486e+005 2.939493e+007 
1.007891e+006 2.940446e+007 
1.035871e+006 2.941425e+007 
1.064186e+006 2.942432e+007 
1.092834e+006 2.943466e+007 
1.121811e+006 2.944528e+007 
1.151116e+006 2.945617e+007 
1.180745e+006 2.946735e+007 
1.210696e+006 2.947881e+007 
1.240965e+006 2.949057e+007 
1.271551e+006 2.950261e+007 
1.302451e+006 2.951495e+007 
1.333661e+006 2.952759e+007 
1.365178e+006 2.954053e+007 
1.397001e+006 2.955378e+007 
1.429125e+006 2.956733e+007 
1.461548e+006 2.958119e+007 
1.494268e+006 2.959536e+007 
1.527280e+006 2.960985e+007 
1.560582e+006 2.962465e+007 
1.594171e+006 2.963978e+007 
1.628044e+006 2.965523e+007 
1.662198e+006 2.967101e+007 
1.696629e+006 2.968712e+007 
1.731334e+006 2.970356e+007 
1.766311e+006 2.972033e+007 
1.801556e+006 2.973744e+007 
1.837065e+006 2.975489e+007 
1.872836e+006 2.977268e+007 
1.908866e+006 2.979082e+007 
1.945150e+006 2.980930e+007 
1.981685e+006 2.982814e+007 
2.018469e+006 2.984732e+007 
2.055498e+006 2.986686e+007 
2.092768e+006 2.988676e+007 
2.130276e+006 2.990702e+007 
2.168018e+006 2.992764e+007 
2.205992e+006 2.994862e+007 
2.244193e+006 2.996997e+007 
2.282618e+006 2.999168e+007 
2.321264e+006 3.001377e+007 
2.360127e+006 3.003623e+007 
2.399203e+006 3.005906e+007 
2.438489e+006 3.008227e+007 
2.477981e+006 3.010586e+007 
2.517675e+006 3.012982e+007 
2.557568e+006 3.015417e+007 
2.597657e+006 3.017891e+007 
2.637937e+006 3.020403e+007 
2.678405e+006 3.022954e+007 
2.719057e+006 3.025544e+007 
2.759889e+006 3.028173e+007 
2.800897e+006 3.030841e+007 
2.842079e+006 3.033549e+007 
2.883429e+006 3.036297e+007 
2.924945e+006 3.039084e+007 
2.966622e+006 3.041911e+007 
3.008456e+006 3.044779e+007 
3.050444e+006 3.047687e+007 
3.092582e+006 3.050635e+007 
3.134866e+006 3.053624e+007 
3.177291e+006 3.056654e+007 
3.219855e+006 3.059724e+007 
3.262552e+006 3.062836e+007 
3.305380e+006 3.065988e+007 
3.348334e+006 3.069182e+007 
3.391410e+006 3.072417e+007 
3.434605e+006 3.075694e+007 
3.477914e+006 3.079012e+007 
3.521333e+006 3.082372e+007 
3.564858e+006 3.085774e+007 
3.608485e+006 3.089218e+007 
3.652211e+006 3.092704e+007 
3.696031e+006 3.096232e+007 
3.739941e+006 3.099802e+007 
3.783937e+006 3.103414e+007 
3.828015e+006 3.107069e+007 
3.872171e+006 3.110767e+007 
3.916400e+006 3.114506e+007 
3.960699e+006 3.118289e+007 
4.005064e+006 3.122114e+007 
4.049491e+006 3.125982e+007 
4.093974e+006 3.129892e+007 
4.138511e+006 3.133846e+007 
4.183098e+006 3.137842e+007 
4.227729e+006 3.141882e+007 
4.272401e+006 3.145964e+007 
4.317110e+006 3.150089e+007 
4.361851e+006 3.154258e+007 
4.406621e+006 3.158469e+007 
4.451415e+006 3.162724e+007 
4.496229e+006 3.167022e+007 
4.541059e+006 3.171363e+007 
4.585901e+006 3.175747e+007 
4.630751e+006 3.180174e+007 
4.675604e+006 3.184645e+007 
4.720456e+006 3.189159e+007 
4.765304e+006 3.193716e+007 
4.810143e+006 3.198316e+007 
4.854968e+006 3.202959e+007 
4.899776e+006 3.207646e+007 
4.944563e+006 3.212376e+007 
4.989324e+006 3.217149e+007 
5.034055e+006 3.221965e+007 
5.078753e+006 3.226824e+007 
5.123412e+006 3.231726e+007 
5.168029e+006 3.236671e+007 
5.212599e+006 3.241659e+007 
5.257120e+006 3.246691e+007 
5.301585e+006 3.251765e+007 
5.345991e+006 3.256881e+007 
5.390335e+006 3.262041e+007 
5.434611e+006 3.267243e+007 
5.478817e+006 3.272488e+007 
5.522947e+006 3.277776e+007 
5.566997e+006 3.283106e+007 
5.610964e+006 3.288479e+007 
5.654844e+006 3.293894e+007 
5.698631e+006 3.299351e+007 
5.742323e+006 3.304850e+007 
5.785915e+006 3.310392e+007 
5.829404e+006 3.315975e+007 
5.872784e+006 3.321601e+007 
5.916052e+006 3.327268e+007 
5.959204e+006 3.332977e+007 
6.002236e+006 3.338727e+007 
6.045144e+006 3.344519e+007 
6.087925e+006 3.350352e+007 
6.130572e+006 3.356227e+007 
6.173084e+006 3.362142e+007 
6.215456e+006 3.368099e+007 
6.257684e+006 3.374096e+007 
6.299764e+006 3.380134e+007 
6.341693e+006 3.386212e+007 
6.383465e+006 3.392331e+007 
6.425078e+006 3.398491e+007 
6.466528e+006 3.404690e+007 
6.507810e+006 3.410929e+007 
6.548920e+006 3.417208e+007 
6.589856e+006 3.423527e+007 
6.630613e+006 3.429885e+007 
6.671187e+006 3.436282e+007 
6.711574e+006 3.442718e+007 
6.751772e+006 3.449194e+007 
6.791775e+006 3.455708e+007 
6.831581e+006 3.462260e+007 
6.871185e+006 3.468851e+007 
6.910583e+006 3.475480e+007 
6.949773e+006 3.482147e+007 
6.988751e+006 3.488852e+007 
7.027512e+006 3.495594e+007 
7.066053e+006 3.502374e+007 
7.104371e+006 3.509190e+007 
7.142462e+006 3.516044e+007 
7.180322e+006 3.522934e+007 
7.217948e+006 3.529861e+007 
7.255337e+006 3.536824e+007 
7.292485e+006 3.543823e+007 
7.329387e+006 3.550858e+007 
7.366042e+006 3.557928e+007 
7.402445e+006 3.565034e+007 
7.438594e+006 3.572175e+007 
7.474484e+006 3.579350e+007 
7.510112e+006 3.586560e+007 
7.545475e+006 3.593805e+007 
7.580570e+006 3.601083e+007 
7.615394e+006 3.608395e+007 
7.649942e+006 3.615741e+007 
7.684212e+006 3.623120e+007 
7.718202e+006 3.630532e+007 
7.751906e+006 3.637977e+007 
7.785323e+006 3.645454e+007 
7.818449e+006 3.652963e+007 
7.851281e+006 3.660504e+007 
7.883816e+006 3.668077e+007 
7.916051e+006 3.675681e+007 
7.947983e+006 3.683317e+007 
7.979609e+006 3.690982e+007 
8.010926e+006 3.698679e+007 
8.041931e+006 3.706405e+007 
8.072621e+006 3.714162e+007 
8.102993e+006 3.721947e+007 
8.133045e+006 3.729762e+007 
8.162773e+006 3.737606e+007 
8.192175e+006 3.745479e+007 
8.221248e+006 3.753380e+007 
8.249989e+006 3.761309e+007 
8.278396e+006 3.769265e+007 
8.306466e+006 3.777249e+007 
8.334196e+006 3.785259e+007 
8.361583e+006 3.793297e+007 
8.388626e+006 3.801361e+007 
8.415321e+006 3.809450e+007 
8.441666e+006 3.817566e+007 
8.467659e+006 3.825706e+007 
8.493297e+006 3.833872e+007 
8.518578e+006 3.842062e+007 
8.543498e+006 3.850277e+007 
8.568057e+006 3.858515e+007 
8.592252e+006 3.866778e+007 
8.616080e+006 3.875063e+007 
8.639539e+006 3.883371e+007 
8.662627e+006 3.891702e+007 
8.685342e+006 3.900055e+007 
8.707681e+006 3.908430e+007 
8.729643e+006 3.916826e+007 
8.751226e+006 3.925243e+007 
8.772427e+006 3.933681e+007 
8.793244e+006 3.942139e+007 
8.813676e+006 3.950617e+007 
8.833720e+006 3.959115e+007 
8.853375e+006 3.967632e+007 
8.872639e+006 3.976168e+007 
8.891510e+006 3.984722e+007 
8.909986e+006 3.993295e+007 
8.928065e+006 4.001885e+007 
8.945747e+006 4.010492e+007 
8.963028e+006 4.019117e+007 
8.979908e+006 4.027758e+007 
8.996385e+006 4.036415e+007 
9.012457e+006 4.045087e+007 
9.028123e+006 4.053776e+007 
9.043382e+006 4.062479e+007 
9.058231e+006 4.071196e+007 
9.072670e+006 4.079928e+007 
9.086697e+006 4.088674e+007 
9.100311e+006 4.097433e+007 
9.113510e+006 4.106205e+007 
9.126294e+006 4.114989e+007 
9.138661e+006 4.123786e+007 
9.150610e+006 4.132595e+007 
9.162140e+006 4.141415e+007 
9.173249e+006 4.150246e+007 
9.183937e+006 4.159087e+007 
9.194203e+006 4.167939e+007 
9.204045e+006 4.176800e+007 
9.213464e+006 4.185670e+007 
9.222457e+006 4.194550e+007 
9.231024e+006 4.203438e+007 
9.239164e+006 4.212334e+007 
9.246877e+006 4.221238e+007 
9.254162e+006 4.230149e+007 
9.261018e+006 4.239067e+007 
9.267444e+006 4.247991e+007 
9.273440e+006 4.256922e+007 
9.279005e+006 4.265858e+007 
9.284139e+006 4.274799e+007 
9.288841e+006 4.283745e+007 
9.293111e+006 4.292695e+007 
9.296948e+006 4.301649e+007 
9.300353e+006 4.310607e+007 
9.303324e+006 4.319568e+007 
9.305861e+006 4.328531e+007 
9.307965e+006 4.337497e+007 
9.309635e+006 4.346464e+007 
9.310870e+006 4.355433e+007 
9.311671e+006 4.364403e+007 
9.312038e+006 4.373374e+007 
9.311970e+006 4.382344e+007 
9.311469e+006 4.391314e+007 
9.310532e+006 4.400284e+007 
9.309162e+006 4.409253e+007 
9.307357e+006 4.418220e+007 
9.305118e+006 4.427185e+007 
9.302446e+006 4.436147e+007 
9.299340e+006 4.445107e+007 
9.295801e+006 4.454064e+007 
9.291829e+006 4.463017e+007 
9.287425e+006 4.471966e+007 
9.282588e+006 4.480910e+007 
9.277320e+006 4.489850e+007 
9.271621e+006 4.498784e+007 
9.265491e+006 4.507713e+007 
9.258931e+006 4.516635e+007 
9.251942e+006 4.525551e+007 
9.244524e+006 4.534460e+007 
9.236678e+006 4.543361e+007 
9.228405e+006 4.552255e+007 
9.219705e+006 4.561140e+007 
9.210580e+006 4.570017e+007 
9.201030e+006 4.578885e+007 
9.191055e+006 4.587743e+007 
9.180658e+006 4.596592e+007 
9.169839e+006 4.605430e+007 
9.158599e+006 4.614257e+007 
9.146939e+006 4.623074e+007 
9.134860e+006 4.631879e+007 
9.122363e+006 4.640672e+007 
9.109450e+006 4.649452e+007 
9.096121e+006 4.658220e+007 
9.082379e+006 4.666975e+007 
9.068224e+006 4.675717e+007 
9.053657e+006 4.684444e+007 
9.038680e+006 4.693157e+007 
9.023295e+006 4.701856e+007 
9.007502e+006 4.710539e+007 
8.991304e+006 4.719207e+007 
8.974702e+006 4.727859e+007 
8.957697e+006 4.736495e+007 
8.940291e+006 4.745114e+007 
8.922485e+006 4.753716e+007 
8.904282e+006 4.762301e+007 
8.885683e+006 4.770868e+007 
8.866690e+006 4.779416e+007 
8.847304e+006 4.787946e+007 
8.827528e+006 4.796457e+007 
8.807363e+006 4.804949e+007 
8.786811e+006 4.813421e+007 
8.765874e+006 4.821873e+007 
8.744554e+006 4.830305e+007 
8.722854e+006 4.838716e+007 
8.700774e+006 4.847105e+007 
8.678318e+006 4.855473e+007 
8.655487e+006 4.863819e+007 
8.632283e+006 4.872143e+007 
8.608709e+006 4.880444e+007 
8.584767e+006 4.888722e+007 
8.560459e+006 4.896977e+007 
8.535787e+006 4.905208e+007 
8.510754e+006 4.913415e+007 
8.485362e+006 4.921598e+007 
8.459614e+006 4.929756e+007 
8.433511e+006 4.937889e+007 
8.407057e+006 4.945996e+007 
8.380253e+006 4.954078e+007 
8.353103e+006 4.962133e+007 
8.325609e+006 4.970162e+007 
8.297773e+006 4.978165e+007 
8.269598e+006 4.986140e+007 
8.241087e+006 4.994088e+007 
8.212242e+006 5.002008e+007 
8.183067e+006 5.009900e+007 
8.153563e+006 5.017764e+007 
8.123734e+006 5.025599e+007 
8.093583e+006 5.033405e+007 
8.063111e+006 5.041182e+007 
8.032323e+006 5.048929e+007 
8.001221e+006 5.056646e+007 
7.969807e+006 5.064333e+007 
7.938086e+006 5.071989e+007 
7.906059e+006 5.079614e+007 
7.873731e+006 5.087209e+007 
7.841103e+006 5.094772e+007 
7.808179e+006 5.102303e+007 
7.774962e+006 5.109803e+007 
7.741456e+006 5.117270e+007 
7.707662e+006 5.124704e+007 
7.673585e+006 5.132106e+007 
7.639228e+006 5.139475e+007 
7.604594e+006 5.146810e+007 
7.569686e+006 5.154112e+007 
7.534507e+006 5.161380e+007 
7.499061e+006 5.168613e+007 
7.463351e+006 5.175813e+007 
7.427380e+006 5.182978e+007 
7.391152e+006 5.190107e+007 
7.354671e+006 5.197202e+007 
7.317938e+006 5.204261e+007 
7.280959e+006 5.211285e+007 
7.243737e+006 5.218273e+007 
7.206274e+006 5.225225e+007 
7.168574e+006 5.232140e+007 
7.130642e+006 5.239019e+007 
7.092480e+006 5.245861e+007 
7.054092e+006 5.252667e+007 
7.015482e+006 5.259435e+007 
6.976654e+006 5.266165e+007 
6.937610e+006 5.272858e+007 
6.898355e+006 5.279513e+007 
6.858892e+006 5.286131e+007 
6.819225e+006 5.292710e+007 
6.779357e+006 5.299250e+007 
6.739293e+006 5.305752e+007 
6.699036e+006 5.312215e+007 
6.658591e+006 5.318639e+007 
6.617959e+006 5.325025e+007 
6.577146e+006 5.331370e+007 
6.536156e+006 5.337677e+007 
6.494992e+006 5.343943e+007 
6.453657e+006 5.350170e+007 
6.412157e+006 5.356357e+007 
6.370494e+006 5.362504e+007 
6.328672e+006 5.368610e+007 
6.286696e+006 5.374676e+007 
6.244570e+006 5.380701e+007 
6.202297e+006 5.386686e+007 
6.159881e+006 5.392630e+007 
6.117326e+006 5.398532e+007 
6.074637e+006 5.404394e+007 
6.031817e+006 5.410214e+007 
5.988870e+006 5.415993e+007 
5.945800e+006 5.421731e+007 
5.902611e+006 5.427427e+007 
5.859308e+006 5.433081e+007 
5.815894e+006 5.438693e+007 
5.772373e+006 5.444264e+007 
5.728749e+006 5.449792e+007 
5.685027e+006 5.455279e+007 
5.641210e+006 5.460723e+007 
5.597303e+006 5.466124e+007 
5.553310e+006 5.471484e+007 
5.509234e+006 5.476801e+007 
5.465081e+006 5.482075e+007 
5.420853e+006 5.487307e+007 
5.376555e+006 5.492496e+007 
5.332192e+006 5.497642e+007 
5.287766e+006 5.502746e+007 
5.243284e+006 5.507806e+007 
5.198748e+006 5.512824e+007 
5.154162e+006 5.517799e+007 
5.109532e+006 5.522731e+007 
5.064860e+006 5.527620e+007 
5.020152e+006 5.532465e+007 
4.975411e+006 5.537268e+007 
4.930642e+006 5.542028e+007 
4.885848e+006 5.546744e+007 
4.841034e+006 5.551417e+007 
4.796204e+006 5.556047e+007 
4.751362e+006 5.560634e+007 
4.706512e+006 5.565177e+007 
4.661659e+006 5.569678e+007 
4.616807e+006 5.574135e+007 
4.571959e+006 5.578549e+007 
4.527120e+006 5.582920e+007 
4.482295e+006 5.587247e+007 
4.437487e+006 5.591532e+007 
4.392700e+006 5.595773e+007 
4.347938e+006 5.599971e+007 
4.303207e+006 5.604126e+007 
4.258509e+006 5.608238e+007 
4.213849e+006 5.612307e+007 
4.169232e+006 5.616333e+007 
4.124660e+006 5.620316e+007 
4.080140e+006 5.624256e+007 
4.035673e+006 5.628154e+007 
3.991266e+006 5.632008e+007 
3.946921e+006 5.635820e+007 
3.902643e+006 5.639589e+007 
3.858436e+006 5.643316e+007 
3.814304e+006 5.647000e+007 
3.770251e+006 5.650641e+007 
3.726281e+006 5.654241e+007 
3.682399e+006 5.657798e+007 
3.638608e+006 5.661313e+007 
3.594913e+006 5.664785e+007 
3.551316e+006 5.668216e+007 
3.507824e+006 5.671605e+007 
3.464439e+006 5.674952e+007 
3.421165e+006 5.678257e+007 
3.378007e+006 5.681521e+007 
3.334968e+006 5.684744e+007 
3.292053e+006 5.687925e+007 
3.249265e+006 5.691064e+007 
3.206609e+006 5.694163e+007 
3.164088e+006 5.697221e+007 
3.121706e+006 5.700238e+007 
3.079468e+006 5.703214e+007 
3.037376e+006 5.706150e+007 
2.995436e+006 5.709045e+007 
2.953650e+006 5.711900e+007 
2.912023e+006 5.714715e+007 
2.870558e+006 5.717490e+007 
2.829260e+006 5.720225e+007 
2.788132e+006 5.722921e+007 
2.747177e+006 5.725577e+007 
2.706401e+006 5.728194e+007 
2.665806e+006 5.730772e+007 
2.625396e+006 5.733310e+007 
2.585175e+006 5.735811e+007 
2.545147e+006 5.738272e+007 
2.505315e+006 5.740695e+007 
2.465683e+006 5.743080e+007 
2.426255e+006 5.745427e+007 
2.387034e+006 5.747736e+007 
2.348024e+006 5.750008e+007 
2.309228e+006 5.752242e+007 
2.270651e+006 5.754439e+007 
2.232295e+006 5.756599e+007 
2.194164e+006 5.758723e+007 
2.156262e+006 5.760810e+007 
2.118592e+006 5.762860e+007 
2.081158e+006 5.764875e+007 
2.043963e+006 5.766853e+007 
2.007010e+006 5.768796e+007 
1.970303e+006 5.770704e+007 
1.933845e+006 5.772576e+007 
1.897640e+006 5.774414e+007 
1.861691e+006 5.776217e+007 
1.826000e+006 5.777986e+007 
1.790573e+006 5.779720e+007 
1.755411e+006 5.781421e+007 
1.720518e+006 5.783087e+007 
1.685898e+006 5.784721e+007 
1.651553e+006 5.786321e+007 
1.617486e+006 5.787889e+007 
1.583701e+006 5.789424e+007 
1.550201e+006 5.790927e+007 
1.516988e+006 5.792398e+007 
1.484067e+006 5.793837e+007 
1.451439e+006 5.795244e+007 
1.419109e+006 5.796620e+007 
1.387078e+006 5.797966e+007 
1.355350e+006 5.799281e+007 
1.323928e+006 5.800565e+007 
1.292814e+006 5.801820e+007 
1.262012e+006 5.803045e+007 
1.231524e+006 5.804240e+007 
1.201353e+006 5.805407e+007 
1.171502e+006 5.806544e+007 
1.141973e+006 5.807653e+007 
1.112770e+006 5.808734e+007 
1.083895e+006 5.809787e+007 
1.055351e+006 5.810812e+007 
1.027139e+006 5.811811e+007 
9.992640e+005 5.812782e+007 
9.717269e+005 5.813727e+007 
9.445307e+005 5.814645e+007 
9.176779e+005 5.815538e+007 
8.911710e+005 5.816405e+007 
8.650123e+005 5.817247e+007 
8.392043e+005 5.818063e+007 
8.137494e+005 5.818856e+007 
7.886498e+005 5.819624e+007 
7.639079e+005 5.820368e+007 
7.395260e+005 5.821088e+007 
7.155062e+005 5.821786e+007 
6.918507e+005 5.822460e+007 
6.685618e+005 5.823112e+007 
6.456416e+005 5.823742e+007 
6.230921e+005 5.824350e+007 
6.009155e+005 5.824936e+007 
5.791137e+005 5.825502e+007 
5.576888e+005 5.826046e+007 
5.366426e+005 5.826571e+007 
5.159773e+005 5.827075e+007 
4.956945e+005 5.827560e+007 
4.757962e+005 5.828025e+007 
4.562843e+005 5.828472e+007 
4.371604e+005 5.828900e+007 
4.184264e+005 5.829310e+007 
4.000839e+005 5.829702e+007 
3.821346e+005 5.830077e+007 
3.645802e+005 5.830435e+007 
3.474223e+005 5.830776e+007 
3.306625e+005 5.831101e+007 
3.143022e+005 5.831410e+007 
2.983430e+005 5.831703e+007 
2.827863e+005 5.831981e+007 
2.676336e+005 5.832245e+007 
2.528862e+005 5.832494e+007 
2.385455e+005 5.832730e+007 
2.246128e+005 5.832952e+007 
2.110894e+005 5.833160e+007 
1.979765e+005 5.833356e+007 
1.852753e+005 5.833540e+007 
1.729869e+005 5.833711e+007 
1.611126e+005 5.833871e+007 
1.496533e+005 5.834020e+007 
1.386101e+005 5.834158e+007 
1.279841e+005 5.834286e+007 
1.177762e+005 5.834403e+007 
1.079873e+005 5.834511e+007 
9.861838e+004 5.834610e+007 
8.967022e+004 5.834700e+007 
8.114366e+004 5.834782e+007 
7.303948e+004 5.834856e+007 
6.535842e+004 5.834922e+007 
5.810119e+004 5.834981e+007 
5.126845e+004 5.835033e+007 
4.486081e+004 5.835079e+007 
3.887888e+004 5.835119e+007 
3.332318e+004 5.835154e+007 
2.819424e+004 5.835183e+007 
2.349252e+004 5.835208e+007 
1.921844e+004 5.835228e+007 
1.537241e+004 5.835245e+007 
1.195476e+004 5.835258e+007 
8.965815e+003 5.835268e+007 
6.405846e+003 5.835275e+007 
4.275086e+003 5.835280e+007 
2.573730e+003 5.835283e+007 
1.301933e+003 5.835285e+007 
4.598107e+002 5.835286e+007 
4.744097e+001 5.835286e+007 
6.486103e+001 5.835286e+007 
5.120693e+002 5.835286e+007 
1.389025e+003 5.835287e+007 
2.695648e+003 5.835289e+007 
4.431819e+003 5.835292e+007 
6.597379e+003 5.835297e+007 
9.192132e+003 5.835305e+007 
1.221584e+004 5.835315e+007 
1.566822e+004 5.835328e+007 
1.954897e+004 5.835345e+007 
2.385773e+004 5.835365e+007 
2.859410e+004 5.835390e+007 
3.375766e+004 5.835420e+007 
3.934792e+004 5.835455e+007 
4.536439e+004 5.835496e+007 
5.180651e+004 5.835542e+007 
5.867369e+004 5.835595e+007 
6.596530e+004 5.835654e+007 
7.368069e+004 5.835721e+007 
8.181914e+004 5.835796e+007 
9.037991e+004 5.835878e+007 
9.936222e+004 5.835969e+007 
1.087652e+005 5.836069e+007 
1.185881e+005 5.836177e+007 
1.288300e+005 5.836296e+007 
1.394899e+005 5.836424e+007 
1.505668e+005 5.836563e+007 
1.620597e+005 5.836713e+007 
1.739677e+005 5.836874e+007 
1.862896e+005 5.837046e+007 
1.990242e+005 5.837231e+007 
2.121704e+005 5.837428e+007 
2.257271e+005 5.837637e+007 
2.396929e+005 5.837860e+007 
2.540666e+005 5.838097e+007 
2.688469e+005 5.838347e+007 
2.840325e+005 5.838612e+007 
2.996218e+005 5.838892e+007 
3.156136e+005 5.839186e+007 
3.320064e+005 5.839497e+007 
3.487986e+005 5.839823e+007 
3.659887e+005 5.840165e+007 
3.835752e+005 5.840524e+007 
4.015564e+005 5.840900e+007 
4.199307e+005 5.841294e+007 
4.386964e+005 5.841705e+007 
4.578518e+005 5.842135e+007 
4.773952e+005 5.842583e+007 
4.973247e+005 5.843050e+007 
5.176386e+005 5.843536e+007 
5.383349e+005 5.844042e+007 
5.594118e+005 5.844568e+007 
5.808674e+005 5.845115e+007 
6.026997e+005 5.845682e+007 
6.249066e+005 5.846270e+007 
6.474863e+005 5.846880e+007 
6.704365e+005 5.847512e+007 
6.937552e+005 5.848165e+007 
7.174403e+005 5.848842e+007 
7.414895e+005 5.849541e+007 
7.659008e+005 5.850263e+007 
7.906718e+005 5.851009e+007 
8.158003e+005 5.851779e+007 
8.412840e+005 5.852573e+007 
8.671205e+005 5.853392e+007 
8.933075e+005 5.854236e+007 
9.198426e+005 5.855105e+007 
9.467234e+005 5.856000e+007 
9.739474e+005 5.856920e+007 
1.001512e+006 5.857867e+007 
1.029415e+006 5.858841e+007 
1.057653e+006 5.859841e+007 
1.086225e+006 5.860869e+007 
1.115127e+006 5.861924e+007 
1.144356e+006 5.863007e+007 
1.173911e+006 5.864119e+007 
1.203788e+006 5.865258e+007 
1.233985e+006 5.866427e+007 
1.264498e+006 5.867625e+007 
1.295326e+006 5.868852e+007 
1.326465e+006 5.870109e+007 
1.357912e+006 5.871396e+007 
1.389665e+006 5.872713e+007 
1.421720e+006 5.874061e+007 
1.454075e+006 5.875440e+007 
1.486726e+006 5.876850e+007 
1.519672e+006 5.878292e+007 
1.552907e+006 5.879765e+007 
1.586431e+006 5.881270e+007 
1.620239e+006 5.882808e+007 
1.654328e+006 5.884378e+007 
1.688696e+006 5.885982e+007 
1.723339e+006 5.887618e+007 
1.758254e+006 5.889287e+007 
1.793437e+006 5.890991e+007 
1.828886e+006 5.892728e+007 
1.864597e+006 5.894499e+007 
1.900567e+006 5.896305e+007 
1.936793e+006 5.898145e+007 
1.973271e+006 5.900021e+007 
2.009999e+006 5.901931e+007 
2.046971e+006 5.903877e+007 
2.084186e+006 5.905859e+007 
2.121640e+006 5.907876e+007 
2.159329e+006 5.909930e+007 
2.197250e+006 5.912019e+007 
2.235399e+006 5.914146e+007 
2.273773e+006 5.916309e+007 
2.312368e+006 5.918509e+007 
2.351181e+006 5.920746e+007 
2.390209e+006 5.923021e+007 
2.429447e+006 5.925333e+007 
2.468892e+006 5.927683e+007 
2.508540e+006 5.930071e+007 
2.548388e+006 5.932497e+007 
2.588432e+006 5.934962e+007 
2.628668e+006 5.937465e+007 
2.669093e+006 5.940007e+007 
2.709703e+006 5.942588e+007 
2.750494e+006 5.945208e+007 
2.791463e+006 5.947868e+007 
2.832605e+006 5.950566e+007 
2.873917e+006 5.953305e+007 
2.915395e+006 5.956083e+007 
2.957035e+006 5.958901e+007 
2.998834e+006 5.961759e+007 
3.040787e+006 5.964658e+007 
3.082891e+006 5.967597e+007 
3.125141e+006 5.970577e+007 
3.167534e+006 5.973597e+007 
3.210067e+006 5.976658e+007 
3.252734e+006 5.979760e+007 
3.295532e+006 5.982903e+007 
3.338457e+006 5.986087e+007 
3.381506e+006 5.989313e+007 
