1440 2
0.000000e+000 0.000000e+000 
2.148970e+002 0.000000e+000 
8.595779e+002 2.059163e+000 
1.934003e+003 1.029563e+001 
3.438095e+003 2.882698e+001 
5.371734e+003 6.176989e+001 
7.734764e+003 1.132397e+002 
1.052699e+004 1.873501e+002 
1.374817e+004 2.882129e+002 
1.739804e+004 4.199371e+002 
2.147627e+004 5.866294e+002 
2.598252e+004 7.923931e+002 
3.091640e+004 1.041328e+003 
3.627747e+004 1.337530e+003 
4.206527e+004 1.685091e+003 
4.827927e+004 2.088098e+003 
5.491894e+004 2.550633e+003 
6.198369e+004 3.076773e+003 
6.947290e+004 3.670588e+003 
7.738589e+004 4.336145e+003 
8.572196e+004 5.077500e+003 
9.448038e+004 5.898707e+003 
1.036604e+005 6.803810e+003 
1.132611e+005 7.796844e+003 
1.232817e+005 8.881841e+003 
1.337213e+005 1.006282e+004 
1.445789e+005 1.134379e+004 
1.558536e+005 1.272876e+004 
1.675444e+005 1.422172e+004 
1.796503e+005 1.582666e+004 
1.921700e+005 1.754755e+004 
2.051026e+005 1.938835e+004 
2.184468e+005 2.135302e+004 
2.322014e+005 2.344549e+004 
2.463653e+005 2.566970e+004 
2.609371e+005 2.802957e+004 
2.759155e+005 3.052900e+004 
2.912992e+005 3.317188e+004 
3.070868e+005 3.596210e+004 
3.232768e+005 3.890353e+004 
3.398678e+005 4.200001e+004 
3.568584e+005 4.525539e+004 
3.742469e+005 4.867349e+004 
3.920318e+005 5.225812e+004 
4.102114e+005 5.601308e+004 
4.287843e+005 5.994216e+004 
4.477486e+005 6.404910e+004 
4.671026e+005 6.833767e+004 
4.868447e+005 7.281159e+004 
5.069729e+005 7.747458e+004 
5.274856e+005 8.233035e+004 
5.483808e+005 8.738256e+004 
5.696566e+005 9.263489e+004 
5.913112e+005 9.809097e+004 
6.133425e+005 1.037544e+005 
6.357486e+005 1.096289e+005 
6.585273e+005 1.157180e+005 
6.816768e+005 1.220252e+005 
7.051948e+005 1.285541e+005 
7.290792e+005 1.353082e+005 
7.533279e+005 1.422911e+005 
7.779386e+005 1.495062e+005 
8.029092e+005 1.569570e+005 
8.282373e+005 1.646470e+005 
8.539207e+005 1.725795e+005 
8.799570e+005 1.807580e+005 
9.063438e+005 1.891859e+005 
9.330789e+005 1.978665e+005 
9.601596e+005 2.068031e+005 
9.875836e+005 2.159991e+005 
1.015348e+006 2.254578e+005 
1.043451e+006 2.351823e+005 
1.071890e+006 2.451761e+005 
1.100662e+006 2.554422e+005 
1.129764e+006 2.659839e+005 
1.159194e+006 2.768043e+005 
1.188950e+006 2.879066e+005 
1.219027e+006 2.992938e+005 
1.249425e+006 3.109692e+005 
1.280139e+006 3.229357e+005 
1.311168e+006 3.351964e+005 
1.342508e+006 3.477543e+005 
1.374156e+006 3.606124e+005 
1.406110e+006 3.737737e+005 
1.438367e+006 3.872410e+005 
1.470923e+006 4.010172e+005 
1.503776e+006 4.151053e+005 
1.536923e+006 4.295081e+005 
1.570360e+006 4.442285e+005 
1.604085e+006 4.592691e+005 
1.638095e+006 4.746327e+005 
1.672387e+006 4.903222e+005 
1.706956e+006 5.063401e+005 
1.741801e+006 5.226892e+005 
1.776918e+006 5.393721e+005 
1.812304e+006 5.563914e+005 
1.847955e+006 5.737497e+005 
1.883869e+006 5.914495e+005 
1.920042e+006 6.094933e+005 
1.956470e+006 6.278837e+005 
1.993151e+006 6.466231e+005 
2.030081e+006 6.657139e+005 
2.067257e+006 6.851585e+005 
2.104675e+006 7.049593e+005 
2.142332e+006 7.251185e+005 
2.180224e+006 7.456385e+005 
2.218348e+006 7.665216e+005 
2.256701e+006 7.877699e+005 
2.295278e+006 8.093857e+005 
2.334077e+006 8.313711e+005 
2.373094e+006 8.537283e+005 
2.412325e+006 8.764592e+005 
2.451767e+006 8.995661e+005 
2.491416e+006 9.230509e+005 
2.531269e+006 9.469157e+005 
2.571321e+006 9.711622e+005 
2.611570e+006 9.957926e+005 
2.652010e+006 1.020809e+006 
2.692640e+006 1.046212e+006 
2.733455e+006 1.072005e+006 
2.774451e+006 1.098189e+006 
2.815624e+006 1.124766e+006 
2.856971e+006 1.151737e+006 
2.898488e+006 1.179105e+006 
2.940172e+006 1.206870e+006 
2.982017e+006 1.235035e+006 
3.024021e+006 1.263601e+006 
3.066180e+006 1.292570e+006 
3.108489e+006 1.321942e+006 
3.150946e+006 1.351720e+006 
3.193545e+006 1.381905e+006 
3.236283e+006 1.412499e+006 
3.279156e+006 1.443501e+006 
3.322161e+006 1.474915e+006 
3.365293e+006 1.506741e+006 
3.408548e+006 1.538980e+006 
3.451922e+006 1.571634e+006 
3.495412e+006 1.604703e+006 
3.539012e+006 1.638190e+006 
3.582721e+006 1.672094e+006 
3.626532e+006 1.706417e+006 
3.670443e+006 1.741161e+006 
3.714449e+006 1.776325e+006 
3.758546e+006 1.811911e+006 
3.802730e+006 1.847919e+006 
3.846997e+006 1.884351e+006 
3.891343e+006 1.921208e+006 
3.935764e+006 1.958489e+006 
3.980255e+006 1.996196e+006 
4.024814e+006 2.034330e+006 
4.069435e+006 2.072891e+006 
4.114114e+006 2.111880e+006 
4.158848e+006 2.151297e+006 
4.203631e+006 2.191142e+006 
4.248461e+006 2.231417e+006 
4.293333e+006 2.272122e+006 
4.338243e+006 2.313257e+006 
4.383186e+006 2.354823e+006 
4.428159e+006 2.396819e+006 
4.473157e+006 2.439247e+006 
4.518177e+006 2.482105e+006 
4.563213e+006 2.525396e+006 
4.608262e+006 2.569118e+006 
4.653321e+006 2.613272e+006 
4.698383e+006 2.657858e+006 
4.743446e+006 2.702876e+006 
4.788506e+006 2.748326e+006 
4.833557e+006 2.794208e+006 
4.878597e+006 2.840522e+006 
4.923620e+006 2.887268e+006 
4.968623e+006 2.934445e+006 
5.013601e+006 2.982054e+006 
5.058550e+006 3.030094e+006 
5.103467e+006 3.078565e+006 
5.148347e+006 3.127466e+006 
5.193185e+006 3.176798e+006 
5.237978e+006 3.226559e+006 
5.282722e+006 3.276750e+006 
5.327412e+006 3.327370e+006 
5.372045e+006 3.378419e+006 
5.416615e+006 3.429895e+006 
5.461120e+006 3.481799e+006 
5.505554e+006 3.534129e+006 
5.549914e+006 3.586885e+006 
5.594196e+006 3.640066e+006 
5.638396e+006 3.693672e+006 
5.682508e+006 3.747702e+006 
5.726531e+006 3.802154e+006 
5.770458e+006 3.857028e+006 
5.814287e+006 3.912324e+006 
5.858013e+006 3.968039e+006 
5.901632e+006 4.024174e+006 
5.945141e+006 4.080727e+006 
5.988534e+006 4.137697e+006 
6.031808e+006 4.195083e+006 
6.074959e+006 4.252883e+006 
6.117984e+006 4.311097e+006 
6.160877e+006 4.369724e+006 
6.203635e+006 4.428761e+006 
6.246255e+006 4.488209e+006 
6.288731e+006 4.548065e+006 
6.331061e+006 4.608328e+006 
6.373240e+006 4.668996e+006 
6.415264e+006 4.730069e+006 
6.457130e+006 4.791545e+006 
6.498833e+006 4.853421e+006 
6.540370e+006 4.915697e+006 
6.581737e+006 4.978372e+006 
6.622930e+006 5.041442e+006 
6.663945e+006 5.104908e+006 
6.704778e+006 5.168766e+006 
6.745426e+006 5.233015e+006 
6.785884e+006 5.297654e+006 
6.826150e+006 5.362681e+006 
6.866219e+006 5.428093e+006 
6.906087e+006 5.493889e+006 
6.945751e+006 5.560067e+006 
6.985208e+006 5.626624e+006 
7.024453e+006 5.693560e+006 
7.063482e+006 5.760871e+006 
7.102293e+006 5.828557e+006 
7.140882e+006 5.896614e+006 
7.179244e+006 5.965040e+006 
7.217377e+006 6.033834e+006 
7.255277e+006 6.102992e+006 
7.292940e+006 6.172514e+006 
7.330363e+006 6.242396e+006 
7.367543e+006 6.312637e+006 
7.404475e+006 6.383233e+006 
7.441157e+006 6.454183e+006 
7.477585e+006 6.525483e+006 
7.513755e+006 6.597133e+006 
7.549665e+006 6.669128e+006 
7.585311e+006 6.741467e+006 
7.620690e+006 6.814147e+006 
7.655798e+006 6.887166e+006 
7.690632e+006 6.960520e+006 
7.725189e+006 7.034208e+006 
7.759465e+006 7.108226e+006 
7.793458e+006 7.182572e+006 
7.827165e+006 7.257242e+006 
7.860581e+006 7.332236e+006 
7.893704e+006 7.407548e+006 
7.926532e+006 7.483177e+006 
7.959060e+006 7.559120e+006 
7.991286e+006 7.635374e+006 
8.023207e+006 7.711935e+006 
8.054820e+006 7.788802e+006 
8.086122e+006 7.865971e+006 
8.117110e+006 7.943438e+006 
8.147781e+006 8.021202e+006 
8.178132e+006 8.099258e+006 
8.208161e+006 8.177604e+006 
8.237865e+006 8.256237e+006 
8.267240e+006 8.335153e+006 
8.296285e+006 8.414350e+006 
8.324996e+006 8.493823e+006 
8.353371e+006 8.573571e+006 
8.381407e+006 8.653589e+006 
8.409101e+006 8.733875e+006 
8.436452e+006 8.814424e+006 
8.463455e+006 8.895234e+006 
8.490110e+006 8.976302e+006 
8.516413e+006 9.057623e+006 
8.542363e+006 9.139195e+006 
8.567955e+006 9.221014e+006 
8.593189e+006 9.303077e+006 
8.618062e+006 9.385380e+006 
8.642571e+006 9.467920e+006 
8.666715e+006 9.550693e+006 
8.690490e+006 9.633695e+006 
8.713895e+006 9.716924e+006 
8.736928e+006 9.800375e+006 
8.759586e+006 9.884045e+006 
8.781868e+006 9.967930e+006 
8.803771e+006 1.005203e+007 
8.825293e+006 1.013633e+007 
8.846432e+006 1.022084e+007 
8.867187e+006 1.030555e+007 
8.887555e+006 1.039045e+007 
8.907534e+006 1.047555e+007 
8.927123e+006 1.056084e+007 
8.946320e+006 1.064632e+007 
8.965122e+006 1.073197e+007 
8.983529e+006 1.081781e+007 
9.001539e+006 1.090381e+007 
9.019149e+006 1.098999e+007 
9.036359e+006 1.107633e+007 
9.053166e+006 1.116284e+007 
9.069570e+006 1.124950e+007 
9.085567e+006 1.133632e+007 
9.101158e+006 1.142329e+007 
9.116341e+006 1.151041e+007 
9.131114e+006 1.159767e+007 
9.145476e+006 1.168507e+007 
9.159425e+006 1.177260e+007 
9.172960e+006 1.186027e+007 
9.186081e+006 1.194806e+007 
9.198785e+006 1.203597e+007 
9.211072e+006 1.212400e+007 
9.222940e+006 1.221215e+007 
9.234389e+006 1.230041e+007 
9.245417e+006 1.238877e+007 
9.256023e+006 1.247724e+007 
9.266207e+006 1.256580e+007 
9.275967e+006 1.265446e+007 
9.285303e+006 1.274321e+007 
9.294213e+006 1.283205e+007 
9.302697e+006 1.292097e+007 
9.310754e+006 1.300996e+007 
9.318384e+006 1.309903e+007 
9.325585e+006 1.318817e+007 
9.332357e+006 1.327738e+007 
9.338700e+006 1.336664e+007 
9.344612e+006 1.345597e+007 
9.350094e+006 1.354534e+007 
9.355144e+006 1.363477e+007 
9.359763e+006 1.372424e+007 
9.363949e+006 1.381375e+007 
9.367703e+006 1.390329e+007 
9.371025e+006 1.399287e+007 
9.373913e+006 1.408248e+007 
9.376368e+006 1.417211e+007 
9.378390e+006 1.426176e+007 
9.379977e+006 1.435142e+007 
9.381131e+006 1.444110e+007 
9.381851e+006 1.453078e+007 
9.382138e+006 1.462046e+007 
9.381990e+006 1.471015e+007 
9.381408e+006 1.479983e+007 
9.380392e+006 1.488949e+007 
9.378943e+006 1.497915e+007 
9.377060e+006 1.506878e+007 
9.374744e+006 1.515840e+007 
9.371995e+006 1.524798e+007 
9.368813e+006 1.533754e+007 
9.365198e+006 1.542706e+007 
9.361152e+006 1.551654e+007 
9.356673e+006 1.560598e+007 
9.351764e+006 1.569537e+007 
9.346423e+006 1.578471e+007 
9.340653e+006 1.587399e+007 
9.334452e+006 1.596321e+007 
9.327823e+006 1.605237e+007 
9.320765e+006 1.614146e+007 
9.313279e+006 1.623048e+007 
9.305367e+006 1.631942e+007 
9.297028e+006 1.640828e+007 
9.288263e+006 1.649705e+007 
9.279074e+006 1.658574e+007 
9.269462e+006 1.667433e+007 
9.259426e+006 1.676283e+007 
9.248969e+006 1.685122e+007 
9.238091e+006 1.693951e+007 
9.226794e+006 1.702769e+007 
9.215077e+006 1.711575e+007 
9.202943e+006 1.720370e+007 
9.190393e+006 1.729153e+007 
9.177428e+006 1.737923e+007 
9.164049e+006 1.746680e+007 
9.150257e+006 1.755424e+007 
9.136054e+006 1.764154e+007 
9.121440e+006 1.772870e+007 
9.106419e+006 1.781571e+007 
9.090990e+006 1.790257e+007 
9.075156e+006 1.798928e+007 
9.058917e+006 1.807584e+007 
9.042276e+006 1.816223e+007 
9.025234e+006 1.824846e+007 
9.007793e+006 1.833451e+007 
8.989953e+006 1.842040e+007 
8.971718e+006 1.850611e+007 
8.953089e+006 1.859164e+007 
8.934067e+006 1.867698e+007 
8.914655e+006 1.876214e+007 
8.894854e+006 1.884710e+007 
8.874666e+006 1.893187e+007 
8.854092e+006 1.901644e+007 
8.833136e+006 1.910080e+007 
8.811799e+006 1.918496e+007 
8.790083e+006 1.926891e+007 
8.767990e+006 1.935265e+007 
8.745521e+006 1.943617e+007 
8.722681e+006 1.951946e+007 
8.699469e+006 1.960254e+007 
8.675890e+006 1.968538e+007 
8.651944e+006 1.976799e+007 
8.627634e+006 1.985037e+007 
8.602963e+006 1.993251e+007 
8.577933e+006 2.001440e+007 
8.552545e+006 2.009605e+007 
8.526804e+006 2.017745e+007 
8.500710e+006 2.025860e+007 
8.474267e+006 2.033949e+007 
8.447477e+006 2.042012e+007 
8.420342e+006 2.050049e+007 
8.392866e+006 2.058060e+007 
8.365050e+006 2.066043e+007 
8.336898e+006 2.073999e+007 
8.308411e+006 2.081928e+007 
8.279594e+006 2.089829e+007 
8.250447e+006 2.097701e+007 
8.220975e+006 2.105545e+007 
8.191180e+006 2.113360e+007 
8.161064e+006 2.121146e+007 
8.130632e+006 2.128903e+007 
8.099884e+006 2.136630e+007 
8.068825e+006 2.144326e+007 
8.037458e+006 2.151993e+007 
8.005784e+006 2.159629e+007 
7.973808e+006 2.167233e+007 
7.941532e+006 2.174807e+007 
7.908960e+006 2.182349e+007 
7.876094e+006 2.189859e+007 
7.842937e+006 2.197337e+007 
7.809493e+006 2.204783e+007 
7.775765e+006 2.212196e+007 
7.741756e+006 2.219576e+007 
7.707469e+006 2.226923e+007 
7.672907e+006 2.234237e+007 
7.638074e+006 2.241517e+007 
7.602973e+006 2.248763e+007 
7.567608e+006 2.255974e+007 
7.531980e+006 2.263152e+007 
7.496095e+006 2.270294e+007 
7.459955e+006 2.277402e+007 
7.423563e+006 2.284474e+007 
7.386924e+006 2.291511e+007 
7.350040e+006 2.298512e+007 
7.312915e+006 2.305477e+007 
7.275553e+006 2.312407e+007 
7.237957e+006 2.319299e+007 
7.200130e+006 2.326156e+007 
7.162076e+006 2.332975e+007 
7.123799e+006 2.339757e+007 
7.085303e+006 2.346502e+007 
7.046590e+006 2.353210e+007 
7.007664e+006 2.359880e+007 
6.968530e+006 2.366512e+007 
6.929191e+006 2.373107e+007 
6.889650e+006 2.379662e+007 
6.849911e+006 2.386180e+007 
6.809979e+006 2.392659e+007 
6.769856e+006 2.399099e+007 
6.729546e+006 2.405500e+007 
6.689054e+006 2.411862e+007 
6.648382e+006 2.418185e+007 
6.607536e+006 2.424468e+007 
6.566518e+006 2.430711e+007 
6.525332e+006 2.436915e+007 
6.483983e+006 2.443078e+007 
6.442475e+006 2.449202e+007 
6.400810e+006 2.455285e+007 
6.358993e+006 2.461328e+007 
6.317028e+006 2.467330e+007 
6.274919e+006 2.473292e+007 
6.232670e+006 2.479212e+007 
6.190284e+006 2.485092e+007 
6.147766e+006 2.490931e+007 
6.105120e+006 2.496728e+007 
6.062349e+006 2.502484e+007 
6.019458e+006 2.508199e+007 
5.976451e+006 2.513872e+007 
5.933331e+006 2.519503e+007 
5.890103e+006 2.525093e+007 
5.846771e+006 2.530641e+007 
5.803338e+006 2.536146e+007 
5.759809e+006 2.541610e+007 
5.716188e+006 2.547031e+007 
5.672479e+006 2.552411e+007 
5.628686e+006 2.557748e+007 
5.584813e+006 2.563042e+007 
5.540864e+006 2.568294e+007 
5.496843e+006 2.573504e+007 
5.452755e+006 2.578671e+007 
5.408603e+006 2.583795e+007 
5.364392e+006 2.588876e+007 
5.320125e+006 2.593915e+007 
5.275807e+006 2.598911e+007 
5.231442e+006 2.603864e+007 
5.187034e+006 2.608774e+007 
5.142588e+006 2.613642e+007 
5.098107e+006 2.618466e+007 
5.053595e+006 2.623247e+007 
5.009056e+006 2.627985e+007 
4.964496e+006 2.632681e+007 
4.919917e+006 2.637333e+007 
4.875325e+006 2.641942e+007 
4.830722e+006 2.646508e+007 
4.786114e+006 2.651031e+007 
4.741504e+006 2.655510e+007 
4.696897e+006 2.659947e+007 
4.652297e+006 2.664341e+007 
4.607707e+006 2.668691e+007 
4.563133e+006 2.672999e+007 
4.518577e+006 2.677263e+007 
4.474045e+006 2.681484e+007 
4.429541e+006 2.685663e+007 
4.385068e+006 2.689798e+007 
4.340630e+006 2.693891e+007 
4.296232e+006 2.697941e+007 
4.251879e+006 2.701947e+007 
4.207573e+006 2.705911e+007 
4.163319e+006 2.709833e+007 
4.119122e+006 2.713711e+007 
4.074984e+006 2.717547e+007 
4.030912e+006 2.721341e+007 
3.986907e+006 2.725092e+007 
3.942976e+006 2.728800e+007 
3.899120e+006 2.732466e+007 
3.855346e+006 2.736090e+007 
3.811656e+006 2.739672e+007 
3.768055e+006 2.743211e+007 
3.724547e+006 2.746709e+007 
3.681135e+006 2.750164e+007 
3.637825e+006 2.753578e+007 
3.594619e+006 2.756950e+007 
3.551522e+006 2.760280e+007 
3.508538e+006 2.763569e+007 
3.465671e+006 2.766817e+007 
3.422924e+006 2.770023e+007 
3.380302e+006 2.773188e+007 
3.337809e+006 2.776312e+007 
3.295448e+006 2.779395e+007 
3.253224e+006 2.782437e+007 
3.211140e+006 2.785439e+007 
3.169200e+006 2.788400e+007 
3.127408e+006 2.791321e+007 
3.085769e+006 2.794201e+007 
3.044285e+006 2.797042e+007 
3.002961e+006 2.799842e+007 
2.961800e+006 2.802603e+007 
2.920807e+006 2.805324e+007 
2.879984e+006 2.808006e+007 
2.839336e+006 2.810649e+007 
2.798867e+006 2.813252e+007 
2.758580e+006 2.815817e+007 
2.718479e+006 2.818342e+007 
2.678568e+006 2.820830e+007 
2.638850e+006 2.823278e+007 
2.599329e+006 2.825689e+007 
2.560009e+006 2.828062e+007 
2.520893e+006 2.830396e+007 
2.481985e+006 2.832694e+007 
2.443288e+006 2.834954e+007 
2.404807e+006 2.837176e+007 
2.366544e+006 2.839362e+007 
2.328503e+006 2.841511e+007 
2.290687e+006 2.843623e+007 
2.253101e+006 2.845699e+007 
2.215747e+006 2.847739e+007 
2.178629e+006 2.849743e+007 
2.141751e+006 2.851712e+007 
2.105115e+006 2.853645e+007 
2.068725e+006 2.855542e+007 
2.032585e+006 2.857405e+007 
1.996697e+006 2.859233e+007 
1.961066e+006 2.861027e+007 
1.925694e+006 2.862787e+007 
1.890585e+006 2.864512e+007 
1.855741e+006 2.866204e+007 
1.821167e+006 2.867863e+007 
1.786864e+006 2.869488e+007 
1.752838e+006 2.871080e+007 
1.719089e+006 2.872640e+007 
1.685622e+006 2.874167e+007 
1.652440e+006 2.875662e+007 
1.619546e+006 2.877126e+007 
1.586942e+006 2.878557e+007 
1.554632e+006 2.879958e+007 
1.522619e+006 2.881327e+007 
1.490906e+006 2.882666e+007 
1.459495e+006 2.883975e+007 
1.428389e+006 2.885253e+007 
1.397592e+006 2.886501e+007 
1.367106e+006 2.887720e+007 
1.336933e+006 2.888910e+007 
1.307078e+006 2.890071e+007 
1.277542e+006 2.891203e+007 
1.248328e+006 2.892307e+007 
1.219438e+006 2.893383e+007 
1.190877e+006 2.894431e+007 
1.162645e+006 2.895452e+007 
1.134746e+006 2.896445e+007 
1.107182e+006 2.897412e+007 
1.079956e+006 2.898353e+007 
1.053071e+006 2.899267e+007 
1.026528e+006 2.900156e+007 
1.000330e+006 2.901019e+007 
9.744799e+005 2.901858e+007 
9.489797e+005 2.902671e+007 
9.238317e+005 2.903460e+007 
8.990384e+005 2.904225e+007 
8.746019e+005 2.904966e+007 
8.505245e+005 2.905684e+007 
8.268085e+005 2.906379e+007 
8.034559e+005 2.907051e+007 
7.804690e+005 2.907700e+007 
7.578498e+005 2.908328e+007 
7.356005e+005 2.908934e+007 
7.137231e+005 2.909519e+007 
6.922195e+005 2.910083e+007 
6.710917e+005 2.910626e+007 
6.503418e+005 2.911149e+007 
6.299715e+005 2.911652e+007 
6.099829e+005 2.912135e+007 
5.903776e+005 2.912600e+007 
5.711575e+005 2.913045e+007 
5.523244e+005 2.913473e+007 
5.338800e+005 2.913882e+007 
5.158260e+005 2.914274e+007 
4.981641e+005 2.914648e+007 
4.808958e+005 2.915005e+007 
4.640228e+005 2.915346e+007 
4.475466e+005 2.915671e+007 
4.314688e+005 2.915980e+007 
4.157907e+005 2.916274e+007 
4.005139e+005 2.916552e+007 
3.856398e+005 2.916816e+007 
3.711697e+005 2.917066e+007 
3.571050e+005 2.917302e+007 
3.434469e+005 2.917525e+007 
3.301968e+005 2.917734e+007 
3.173558e+005 2.917931e+007 
3.049251e+005 2.918115e+007 
2.929059e+005 2.918288e+007 
2.812993e+005 2.918449e+007 
2.701064e+005 2.918599e+007 
2.593281e+005 2.918738e+007 
2.489655e+005 2.918867e+007 
2.390196e+005 2.918987e+007 
2.294913e+005 2.919096e+007 
2.203814e+005 2.919197e+007 
2.116908e+005 2.919288e+007 
2.034203e+005 2.919372e+007 
1.955707e+005 2.919447e+007 
1.881427e+005 2.919515e+007 
1.811370e+005 2.919576e+007 
1.745543e+005 2.919631e+007 
1.683951e+005 2.919679e+007 
1.626601e+005 2.919721e+007 
1.573498e+005 2.919757e+007 
1.524647e+005 2.919789e+007 
1.480052e+005 2.919816e+007 
1.439718e+005 2.919838e+007 
1.403649e+005 2.919857e+007 
1.371848e+005 2.919872e+007 
1.344318e+005 2.919885e+007 
1.321062e+005 2.919894e+007 
1.302082e+005 2.919902e+007 
1.287380e+005 2.919907e+007 
1.276958e+005 2.919911e+007 
1.270817e+005 2.919915e+007 
1.268957e+005 2.919917e+007 
1.271379e+005 2.919920e+007 
1.278082e+005 2.919922e+007 
1.289068e+005 2.919925e+007 
1.304333e+005 2.919930e+007 
1.323879e+005 2.919936e+007 
1.347702e+005 2.919943e+007 
1.375801e+005 2.919953e+007 
1.408173e+005 2.919966e+007 
1.444816e+005 2.919981e+007 
1.485727e+005 2.920001e+007 
1.530902e+005 2.920024e+007 
1.580337e+005 2.920051e+007 
1.634028e+005 2.920083e+007 
1.691971e+005 2.920121e+007 
1.754159e+005 2.920163e+007 
1.820588e+005 2.920212e+007 
1.891252e+005 2.920267e+007 
1.966145e+005 2.920329e+007 
2.045260e+005 2.920398e+007 
2.128590e+005 2.920475e+007 
2.216128e+005 2.920559e+007 
2.307865e+005 2.920652e+007 
2.403795e+005 2.920754e+007 
2.503908e+005 2.920864e+007 
2.608195e+005 2.920985e+007 
2.716647e+005 2.921115e+007 
2.829255e+005 2.921256e+007 
2.946009e+005 2.921407e+007 
3.066897e+005 2.921570e+007 
3.191910e+005 2.921744e+007 
3.321035e+005 2.921930e+007 
3.454263e+005 2.922128e+007 
3.591580e+005 2.922339e+007 
3.732975e+005 2.922563e+007 
3.878434e+005 2.922801e+007 
4.027945e+005 2.923053e+007 
4.181495e+005 2.923319e+007 
4.339069e+005 2.923599e+007 
4.500654e+005 2.923895e+007 
4.666234e+005 2.924206e+007 
4.835796e+005 2.924533e+007 
5.009324e+005 2.924876e+007 
5.186802e+005 2.925235e+007 
5.368215e+005 2.925612e+007 
5.553546e+005 2.926005e+007 
5.742778e+005 2.926417e+007 
5.935895e+005 2.926847e+007 
6.132879e+005 2.927295e+007 
6.333713e+005 2.927762e+007 
6.538378e+005 2.928248e+007 
6.746856e+005 2.928753e+007 
6.959128e+005 2.929279e+007 
7.175176e+005 2.929824e+007 
7.394979e+005 2.930391e+007 
7.618518e+005 2.930978e+007 
7.845773e+005 2.931587e+007 
8.076723e+005 2.932217e+007 
8.311347e+005 2.932870e+007 
8.549625e+005 2.933545e+007 
8.791535e+005 2.934242e+007 
9.037055e+005 2.934963e+007 
9.286162e+005 2.935707e+007 
9.538835e+005 2.936475e+007 
9.795051e+005 2.937267e+007 
1.005479e+006 2.938084e+007 
1.031802e+006 2.938925e+007 
1.058472e+006 2.939792e+007 
1.085487e+006 2.940684e+007 
1.112845e+006 2.941602e+007 
1.140542e+006 2.942546e+007 
1.168577e+006 2.943516e+007 
1.196947e+006 2.944513e+007 
1.225649e+006 2.945537e+007 
1.254681e+006 2.946589e+007 
1.284039e+006 2.947668e+007 
1.313723e+006 2.948776e+007 
1.343728e+006 2.949911e+007 
1.374052e+006 2.951076e+007 
1.404692e+006 2.952269e+007 
1.435646e+006 2.953492e+007 
1.466910e+006 2.954744e+007 
1.498482e+006 2.956026e+007 
1.530360e+006 2.957338e+007 
1.562539e+006 2.958681e+007 
1.595018e+006 2.960054e+007 
1.627793e+006 2.961459e+007 
1.660861e+006 2.962895e+007 
1.694220e+006 2.964362e+007 
1.727866e+006 2.965861e+007 
1.761796e+006 2.967393e+007 
1.796007e+006 2.968956e+007 
1.830496e+006 2.970553e+007 
1.865260e+006 2.972182e+007 
1.900296e+006 2.973845e+007 
1.935601e+006 2.975541e+007 
1.971171e+006 2.977271e+007 
2.007003e+006 2.979034e+007 
2.043093e+006 2.980832e+007 
2.079440e+006 2.982665e+007 
2.116039e+006 2.984532e+007 
2.152886e+006 2.986434e+007 
2.189980e+006 2.988372e+007 
2.227315e+006 2.990345e+007 
2.264890e+006 2.992353e+007 
2.302699e+006 2.994398e+007 
2.340741e+006 2.996478e+007 
2.379012e+006 2.998595e+007 
2.417507e+006 3.000748e+007 
2.456224e+006 3.002939e+007 
2.495159e+006 3.005166e+007 
2.534309e+006 3.007430e+007 
2.573669e+006 3.009732e+007 
2.613237e+006 3.012072e+007 
2.653008e+006 3.014449e+007 
2.692980e+006 3.016864e+007 
2.733148e+006 3.019318e+007 
2.773509e+006 3.021810e+007 
2.814059e+006 3.024340e+007 
2.854794e+006 3.026910e+007 
2.895711e+006 3.029518e+007 
2.936806e+006 3.032165e+007 
2.978076e+006 3.034852e+007 
3.019515e+006 3.037578e+007 
3.061122e+006 3.040343e+007 
3.102891e+006 3.043149e+007 
3.144819e+006 3.045994e+007 
3.186903e+006 3.048880e+007 
3.229138e+006 3.051805e+007 
3.271520e+006 3.054771e+007 
3.314046e+006 3.057778e+007 
3.356712e+006 3.060825e+007 
3.399514e+006 3.063913e+007 
3.442448e+006 3.067042e+007 
3.485510e+006 3.070212e+007 
3.528696e+006 3.073423e+007 
3.572002e+006 3.076675e+007 
3.615424e+006 3.079969e+007 
3.658958e+006 3.083305e+007 
3.702601e+006 3.086682e+007 
3.746348e+006 3.090100e+007 
3.790195e+006 3.093561e+007 
3.834138e+006 3.097063e+007 
3.878174e+006 3.100608e+007 
3.922298e+006 3.104194e+007 
3.966505e+006 3.107823e+007 
4.010793e+006 3.111494e+007 
4.055157e+006 3.115208e+007 
4.099593e+006 3.118963e+007 
4.144097e+006 3.122762e+007 
4.188664e+006 3.126603e+007 
4.233291e+006 3.130486e+007 
4.277974e+006 3.134412e+007 
4.322708e+006 3.138381e+007 
4.367490e+006 3.142393e+007 
4.412315e+006 3.146448e+007 
4.457179e+006 3.150545e+007 
4.502078e+006 3.154685e+007 
4.547008e+006 3.158869e+007 
4.591965e+006 3.163095e+007 
4.636945e+006 3.167364e+007 
4.681943e+006 3.171677e+007 
4.726955e+006 3.176032e+007 
4.771978e+006 3.180430e+007 
4.817007e+006 3.184872e+007 
4.862038e+006 3.189356e+007 
4.907067e+006 3.193884e+007 
4.952089e+006 3.198455e+007 
4.997101e+006 3.203068e+007 
5.042099e+006 3.207725e+007 
5.087077e+006 3.212425e+007 
5.132033e+006 3.217168e+007 
5.176962e+006 3.221954e+007 
5.221860e+006 3.226783e+007 
5.266723e+006 3.231654e+007 
5.311546e+006 3.236569e+007 
5.356325e+006 3.241527e+007 
5.401057e+006 3.246527e+007 
5.445737e+006 3.251570e+007 
5.490362e+006 3.256656e+007 
5.534926e+006 3.261785e+007 
5.579426e+006 3.266956e+007 
5.623858e+006 3.272170e+007 
5.668218e+006 3.277427e+007 
5.712501e+006 3.282726e+007 
5.756704e+006 3.288067e+007 
5.800822e+006 3.293450e+007 
5.844852e+006 3.298876e+007 
5.888789e+006 3.304344e+007 
5.932629e+006 3.309854e+007 
5.976368e+006 3.315405e+007 
6.020003e+006 3.320999e+007 
6.063529e+006 3.326634e+007 
6.106941e+006 3.332311e+007 
6.150237e+006 3.338030e+007 
6.193412e+006 3.343790e+007 
6.236463e+006 3.349591e+007 
6.279384e+006 3.355434e+007 
6.322172e+006 3.361317e+007 
6.364824e+006 3.367241e+007 
6.407335e+006 3.373207e+007 
6.449701e+006 3.379213e+007 
6.491919e+006 3.385259e+007 
6.533984e+006 3.391346e+007 
6.575893e+006 3.397473e+007 
6.617642e+006 3.403640e+007 
6.659226e+006 3.409847e+007 
6.700643e+006 3.416094e+007 
6.741887e+006 3.422380e+007 
6.782957e+006 3.428706e+007 
6.823846e+006 3.435071e+007 
6.864553e+006 3.441475e+007 
6.905072e+006 3.447918e+007 
6.945401e+006 3.454400e+007 
6.985536e+006 3.460921e+007 
7.025472e+006 3.467480e+007 
7.065206e+006 3.474077e+007 
7.104735e+006 3.480712e+007 
7.144055e+006 3.487385e+007 
7.183161e+006 3.494095e+007 
7.222052e+006 3.500843e+007 
7.260722e+006 3.507628e+007 
7.299168e+006 3.514450e+007 
7.337388e+006 3.521308e+007 
7.375376e+006 3.528203e+007 
7.413130e+006 3.535135e+007 
7.450647e+006 3.542103e+007 
7.487922e+006 3.549106e+007 
7.524952e+006 3.556145e+007 
7.561735e+006 3.563220e+007 
7.598265e+006 3.570329e+007 
7.634541e+006 3.577474e+007 
7.670558e+006 3.584653e+007 
7.706314e+006 3.591866e+007 
7.741804e+006 3.599114e+007 
7.777027e+006 3.606396e+007 
7.811978e+006 3.613711e+007 
7.846653e+006 3.621059e+007 
7.881051e+006 3.628441e+007 
7.915168e+006 3.635856e+007 
7.949000e+006 3.643303e+007 
7.982545e+006 3.650782e+007 
8.015799e+006 3.658294e+007 
8.048760e+006 3.665837e+007 
8.081423e+006 3.673411e+007 
8.113787e+006 3.681017e+007 
8.145848e+006 3.688654e+007 
8.177603e+006 3.696321e+007 
8.209050e+006 3.704018e+007 
8.240185e+006 3.711746e+007 
8.271005e+006 3.719503e+007 
8.301508e+006 3.727290e+007 
8.331690e+006 3.735105e+007 
8.361549e+006 3.742950e+007 
8.391083e+006 3.750823e+007 
8.420288e+006 3.758724e+007 
8.449162e+006 3.766653e+007 
8.477701e+006 3.774609e+007 
8.505904e+006 3.782593e+007 
8.533768e+006 3.790603e+007 
8.561290e+006 3.798640e+007 
8.588468e+006 3.806703e+007 
8.615299e+006 3.814792e+007 
8.641780e+006 3.822906e+007 
8.667909e+006 3.831046e+007 
8.693684e+006 3.839211e+007 
8.719103e+006 3.847400e+007 
8.744162e+006 3.855613e+007 
8.768860e+006 3.863850e+007 
8.793195e+006 3.872110e+007 
8.817163e+006 3.880394e+007 
8.840763e+006 3.888700e+007 
8.863993e+006 3.897029e+007 
8.886851e+006 3.905380e+007 
8.909333e+006 3.913752e+007 
8.931439e+006 3.922146e+007 
8.953167e+006 3.930561e+007 
8.974513e+006 3.938996e+007 
8.995477e+006 3.947452e+007 
9.016056e+006 3.955927e+007 
9.036249e+006 3.964422e+007 
9.056053e+006 3.972936e+007 
9.075467e+006 3.981469e+007 
9.094488e+006 3.990020e+007 
9.113116e+006 3.998589e+007 
9.131348e+006 4.007176e+007 
9.149183e+006 4.015780e+007 
9.166619e+006 4.024400e+007 
9.183654e+006 4.033037e+007 
9.200287e+006 4.041691e+007 
9.216517e+006 4.050359e+007 
9.232341e+006 4.059044e+007 
9.247759e+006 4.067742e+007 
9.262769e+006 4.076456e+007 
9.277369e+006 4.085184e+007 
9.291559e+006 4.093925e+007 
9.305336e+006 4.102679e+007 
9.318700e+006 4.111447e+007 
9.331650e+006 4.120227e+007 
9.344183e+006 4.129019e+007 
9.356300e+006 4.137823e+007 
9.367999e+006 4.146638e+007 
9.379278e+006 4.155463e+007 
9.390137e+006 4.164300e+007 
9.400576e+006 4.173146e+007 
9.410592e+006 4.182003e+007 
9.420185e+006 4.190868e+007 
9.429354e+006 4.199742e+007 
9.438098e+006 4.208625e+007 
9.446417e+006 4.217516e+007 
9.454310e+006 4.226414e+007 
9.461775e+006 4.235319e+007 
9.468813e+006 4.244232e+007 
9.475422e+006 4.253151e+007 
9.481603e+006 4.262075e+007 
9.487354e+006 4.271005e+007 
9.492675e+006 4.279941e+007 
9.497565e+006 4.288881e+007 
9.502025e+006 4.297825e+007 
9.506053e+006 4.306773e+007 
9.509650e+006 4.315725e+007 
9.512814e+006 4.324680e+007 
9.515547e+006 4.333637e+007 
9.517847e+006 4.342597e+007 
9.519714e+006 4.351558e+007 
9.521148e+006 4.360521e+007 
9.522150e+006 4.369485e+007 
9.522718e+006 4.378449e+007 
9.522853e+006 4.387414e+007 
9.522556e+006 4.396378e+007 
9.521825e+006 4.405341e+007 
9.520662e+006 4.414304e+007 
9.519065e+006 4.423264e+007 
9.517037e+006 4.432223e+007 
9.514575e+006 4.441179e+007 
9.511682e+006 4.450133e+007 
9.508357e+006 4.459083e+007 
9.504601e+006 4.468030e+007 
9.500413e+006 4.476973e+007 
9.495795e+006 4.485911e+007 
9.490746e+006 4.494844e+007 
9.485268e+006 4.503772e+007 
9.479361e+006 4.512694e+007 
9.473025e+006 4.521611e+007 
9.466261e+006 4.530520e+007 
9.459069e+006 4.539423e+007 
9.451451e+006 4.548318e+007 
9.443408e+006 4.557205e+007 
9.434939e+006 4.566085e+007 
9.426046e+006 4.574955e+007 
9.416729e+006 4.583817e+007 
9.406990e+006 4.592669e+007 
9.396830e+006 4.601512e+007 
9.386248e+006 4.610344e+007 
9.375248e+006 4.619165e+007 
9.363828e+006 4.627976e+007 
9.351992e+006 4.636775e+007 
9.339739e+006 4.645562e+007 
9.327071e+006 4.654337e+007 
9.313989e+006 4.663099e+007 
9.300494e+006 4.671848e+007 
9.286588e+006 4.680584e+007 
9.272272e+006 4.689306e+007 
9.257547e+006 4.698014e+007 
9.242416e+006 4.706707e+007 
9.226878e+006 4.715385e+007 
9.210936e+006 4.724047e+007 
9.194591e+006 4.732694e+007 
9.177845e+006 4.741325e+007 
9.160699e+006 4.749938e+007 
9.143156e+006 4.758536e+007 
9.125216e+006 4.767115e+007 
9.106881e+006 4.775677e+007 
9.088154e+006 4.784221e+007 
9.069035e+006 4.792746e+007 
9.049527e+006 4.801253e+007 
9.029632e+006 4.809740e+007 
9.009351e+006 4.818208e+007 
8.988686e+006 4.826655e+007 
8.967640e+006 4.835082e+007 
8.946214e+006 4.843489e+007 
8.924411e+006 4.851875e+007 
8.902232e+006 4.860239e+007 
8.879679e+006 4.868581e+007 
8.856755e+006 4.876901e+007 
8.833462e+006 4.885198e+007 
8.809802e+006 4.893473e+007 
8.785778e+006 4.901725e+007 
8.761391e+006 4.909952e+007 
8.736644e+006 4.918156e+007 
8.711539e+006 4.926336e+007 
8.686078e+006 4.934491e+007 
8.660265e+006 4.942621e+007 
8.634101e+006 4.950726e+007 
8.607589e+006 4.958805e+007 
8.580731e+006 4.966858e+007 
8.553531e+006 4.974885e+007 
8.525989e+006 4.982886e+007 
8.498110e+006 4.990859e+007 
8.469896e+006 4.998805e+007 
8.441349e+006 5.006724e+007 
8.412472e+006 5.014614e+007 
8.383268e+006 5.022477e+007 
8.353740e+006 5.030310e+007 
8.323890e+006 5.038115e+007 
8.293721e+006 5.045891e+007 
8.263236e+006 5.053637e+007 
8.232439e+006 5.061354e+007 
8.201330e+006 5.069041e+007 
8.169915e+006 5.076697e+007 
8.138195e+006 5.084322e+007 
8.106174e+006 5.091917e+007 
8.073855e+006 5.099480e+007 
8.041240e+006 5.107012e+007 
8.008333e+006 5.114512e+007 
7.975137e+006 5.121980e+007 
7.941655e+006 5.129416e+007 
7.907890e+006 5.136819e+007 
7.873846e+006 5.144189e+007 
7.839525e+006 5.151526e+007 
7.804930e+006 5.158830e+007 
7.770066e+006 5.166099e+007 
7.734935e+006 5.173335e+007 
7.699540e+006 5.180537e+007 
7.663885e+006 5.187704e+007 
7.627974e+006 5.194837e+007 
7.591809e+006 5.201935e+007 
7.555394e+006 5.208997e+007 
7.518732e+006 5.216024e+007 
7.481828e+006 5.223016e+007 
7.444683e+006 5.229972e+007 
7.407303e+006 5.236891e+007 
7.369689e+006 5.243774e+007 
7.331846e+006 5.250621e+007 
7.293778e+006 5.257431e+007 
7.255488e+006 5.264204e+007 
7.216979e+006 5.270940e+007 
7.178255e+006 5.277638e+007 
7.139319e+006 5.284299e+007 
7.100177e+006 5.290922e+007 
7.060830e+006 5.297507e+007 
7.021282e+006 5.304053e+007 
6.981539e+006 5.310562e+007 
6.941602e+006 5.317032e+007 
6.901476e+006 5.323463e+007 
6.861164e+006 5.329855e+007 
6.820671e+006 5.336208e+007 
6.780000e+006 5.342522e+007 
6.739155e+006 5.348797e+007 
6.698140e+006 5.355032e+007 
6.656958e+006 5.361227e+007 
6.615614e+006 5.367382e+007 
6.574110e+006 5.373497e+007 
6.532452e+006 5.379572e+007 
6.490643e+006 5.385607e+007 
6.448687e+006 5.391601e+007 
6.406587e+006 5.397555e+007 
6.364348e+006 5.403468e+007 
6.321974e+006 5.409340e+007 
6.279469e+006 5.415171e+007 
6.236836e+006 5.420960e+007 
6.194079e+006 5.426709e+007 
6.151203e+006 5.432416e+007 
6.108212e+006 5.438082e+007 
6.065108e+006 5.443706e+007 
6.021898e+006 5.449288e+007 
5.978584e+006 5.454829e+007 
5.935170e+006 5.460328e+007 
5.891661e+006 5.465785e+007 
5.848061e+006 5.471199e+007 
5.804373e+006 5.476572e+007 
5.760602e+006 5.481902e+007 
5.716752e+006 5.487191e+007 
5.672826e+006 5.492436e+007 
5.628830e+006 5.497640e+007 
5.584766e+006 5.502801e+007 
5.540640e+006 5.507919e+007 
5.496454e+006 5.512995e+007 
5.452214e+006 5.518028e+007 
5.407924e+006 5.523018e+007 
5.363586e+006 5.527965e+007 
5.319207e+006 5.532870e+007 
5.274789e+006 5.537732e+007 
5.230337e+006 5.542551e+007 
5.185855e+006 5.547327e+007 
5.141347e+006 5.552061e+007 
5.096817e+006 5.556751e+007 
5.052269e+006 5.561399e+007 
5.007708e+006 5.566003e+007 
4.963137e+006 5.570565e+007 
4.918561e+006 5.575083e+007 
4.873984e+006 5.579559e+007 
4.829410e+006 5.583991e+007 
4.784843e+006 5.588381e+007 
4.740286e+006 5.592728e+007 
4.695746e+006 5.597031e+007 
4.651224e+006 5.601292e+007 
4.606726e+006 5.605510e+007 
4.562256e+006 5.609685e+007 
4.517817e+006 5.613818e+007 
4.473414e+006 5.617907e+007 
4.429051e+006 5.621954e+007 
4.384732e+006 5.625958e+007 
4.340461e+006 5.629919e+007 
4.296242e+006 5.633838e+007 
4.252079e+006 5.637714e+007 
4.207977e+006 5.641548e+007 
4.163939e+006 5.645339e+007 
4.119969e+006 5.649088e+007 
4.076072e+006 5.652795e+007 
4.032252e+006 5.656459e+007 
3.988512e+006 5.660081e+007 
3.944856e+006 5.663661e+007 
3.901290e+006 5.667200e+007 
3.857816e+006 5.670696e+007 
3.814438e+006 5.674150e+007 
3.771161e+006 5.677563e+007 
3.727989e+006 5.680934e+007 
3.684925e+006 5.684264e+007 
3.641974e+006 5.687552e+007 
3.599139e+006 5.690799e+007 
3.556425e+006 5.694005e+007 
3.513835e+006 5.697170e+007 
3.471373e+006 5.700294e+007 
3.429043e+006 5.703377e+007 
3.386850e+006 5.706420e+007 
3.344796e+006 5.709422e+007 
3.302886e+006 5.712383e+007 
3.261124e+006 5.715305e+007 
3.219513e+006 5.718186e+007 
3.178057e+006 5.721027e+007 
3.136761e+006 5.723829e+007 
3.095627e+006 5.726591e+007 
3.054660e+006 5.729313e+007 
3.013864e+006 5.731996e+007 
2.973241e+006 5.734640e+007 
2.932797e+006 5.737245e+007 
2.892534e+006 5.739811e+007 
2.852456e+006 5.742339e+007 
2.812567e+006 5.744828e+007 
2.772871e+006 5.747279e+007 
2.733371e+006 5.749691e+007 
2.694071e+006 5.752066e+007 
2.654974e+006 5.754404e+007 
2.616085e+006 5.756703e+007 
2.577406e+006 5.758966e+007 
2.538941e+006 5.761191e+007 
2.500693e+006 5.763380e+007 
2.462667e+006 5.765532e+007 
2.424866e+006 5.767647e+007 
2.387292e+006 5.769726e+007 
2.349950e+006 5.771769e+007 
2.312843e+006 5.773777e+007 
2.275975e+006 5.775749e+007 
2.239348e+006 5.777685e+007 
2.202966e+006 5.779587e+007 
2.166833e+006 5.781453e+007 
2.130951e+006 5.783285e+007 
2.095324e+006 5.785083e+007 
2.059955e+006 5.786847e+007 
2.024848e+006 5.788576e+007 
1.990006e+006 5.790273e+007 
1.955431e+006 5.791935e+007 
1.921127e+006 5.793565e+007 
1.887098e+006 5.795162e+007 
1.853345e+006 5.796726e+007 
1.819873e+006 5.798258e+007 
1.786685e+006 5.799758e+007 
1.753783e+006 5.801226e+007 
1.721170e+006 5.802663e+007 
1.688850e+006 5.804068e+007 
1.656825e+006 5.805443e+007 
1.625098e+006 5.806787e+007 
1.593672e+006 5.808100e+007 
1.562551e+006 5.809384e+007 
1.531736e+006 5.810638e+007 
1.501231e+006 5.811862e+007 
1.471038e+006 5.813057e+007 
1.441161e+006 5.814223e+007 
1.411601e+006 5.815361e+007 
1.382363e+006 5.816471e+007 
1.353447e+006 5.817552e+007 
1.324858e+006 5.818606e+007 
1.296597e+006 5.819633e+007 
1.268667e+006 5.820632e+007 
1.241071e+006 5.821605e+007 
1.213811e+006 5.822551e+007 
1.186889e+006 5.823472e+007 
1.160309e+006 5.824367e+007 
1.134073e+006 5.825236e+007 
1.108182e+006 5.826080e+007 
1.082639e+006 5.826900e+007 
1.057448e+006 5.827695e+007 
1.032609e+006 5.828466e+007 
1.008125e+006 5.829213e+007 
9.839992e+005 5.829937e+007 
9.602327e+005 5.830638e+007 
9.368279e+005 5.831316e+007 
9.137871e+005 5.831972e+007 
8.911124e+005 5.832606e+007 
8.688057e+005 5.833218e+007 
8.468692e+005 5.833809e+007 
8.253048e+005 5.834379e+007 
8.041145e+005 5.834929e+007 
7.833003e+005 5.835458e+007 
7.628640e+005 5.835967e+007 
7.428075e+005 5.836457e+007 
7.231326e+005 5.836928e+007 
7.038412e+005 5.837379e+007 
6.849349e+005 5.837813e+007 
6.664156e+005 5.838228e+007 
6.482849e+005 5.838626e+007 
6.305444e+005 5.839007e+007 
6.131958e+005 5.839370e+007 
5.962407e+005 5.839717e+007 
5.796806e+005 5.840048e+007 
5.635170e+005 5.840363e+007 
5.477514e+005 5.840663e+007 
5.323853e+005 5.840947e+007 
5.174200e+005 5.841217e+007 
5.028569e+005 5.841473e+007 
4.886974e+005 5.841714e+007 
4.749428e+005 5.841943e+007 
4.615942e+005 5.842158e+007 
4.486530e+005 5.842360e+007 
4.361203e+005 5.842550e+007 
4.239973e+005 5.842728e+007 
4.122851e+005 5.842895e+007 
4.009847e+005 5.843050e+007 
3.900972e+005 5.843195e+007 
3.796236e+005 5.843329e+007 
3.695648e+005 5.843453e+007 
3.599219e+005 5.843568e+007 
3.506956e+005 5.843673e+007 
3.418868e+005 5.843770e+007 
3.334964e+005 5.843858e+007 
3.255250e+005 5.843939e+007 
3.179735e+005 5.844011e+007 
3.108426e+005 5.844077e+007 
3.041329e+005 5.844135e+007 
2.978450e+005 5.844188e+007 
2.919795e+005 5.844234e+007 
2.865370e+005 5.844275e+007 
2.815180e+005 5.844310e+007 
2.769229e+005 5.844341e+007 
2.727522e+005 5.844367e+007 
2.690062e+005 5.844389e+007 
2.656854e+005 5.844408e+007 
2.627901e+005 5.844424e+007 
2.603204e+005 5.844437e+007 
2.582768e+005 5.844447e+007 
2.566593e+005 5.844456e+007 
2.554681e+005 5.844463e+007 
2.547035e+005 5.844469e+007 
2.543653e+005 5.844474e+007 
2.544538e+005 5.844479e+007 
2.549689e+005 5.844484e+007 
2.559106e+005 5.844489e+007 
2.572788e+005 5.844495e+007 
2.590734e+005 5.844503e+007 
2.612942e+005 5.844512e+007 
2.639412e+005 5.844524e+007 
2.670141e+005 5.844538e+007 
2.705125e+005 5.844554e+007 
2.744363e+005 5.844575e+007 
2.787851e+005 5.844599e+007 
2.835585e+005 5.844627e+007 
2.887560e+005 5.844659e+007 
2.943774e+005 5.844697e+007 
3.004220e+005 5.844740e+007 
3.068893e+005 5.844788e+007 
3.137788e+005 5.844843e+007 
3.210899e+005 5.844905e+007 
3.288219e+005 5.844973e+007 
3.369741e+005 5.845049e+007 
3.455459e+005 5.845132e+007 
3.545365e+005 5.845224e+007 
3.639451e+005 5.845324e+007 
3.737709e+005 5.845433e+007 
3.840129e+005 5.845552e+007 
3.946704e+005 5.845680e+007 
4.057422e+005 5.845818e+007 
4.172276e+005 5.845967e+007 
4.291254e+005 5.846127e+007 
4.414347e+005 5.846298e+007 
4.541542e+005 5.846481e+007 
4.672829e+005 5.846676e+007 
4.808197e+005 5.846884e+007 
4.947632e+005 5.847104e+007 
5.091123e+005 5.847338e+007 
5.238658e+005 5.847585e+007 
5.390222e+005 5.847847e+007 
5.545803e+005 5.848122e+007 
5.705386e+005 5.848413e+007 
5.868958e+005 5.848719e+007 
6.036504e+005 5.849040e+007 
6.208008e+005 5.849378e+007 
6.383456e+005 5.849731e+007 
6.562832e+005 5.850102e+007 
6.746120e+005 5.850489e+007 
6.933304e+005 5.850894e+007 
7.124366e+005 5.851317e+007 
7.319291e+005 5.851758e+007 
7.518059e+005 5.852217e+007 
7.720655e+005 5.852696e+007 
7.927059e+005 5.853193e+007 
8.137253e+005 5.853711e+007 
8.351218e+005 5.854248e+007 
8.568936e+005 5.854806e+007 
8.790386e+005 5.855384e+007 
9.015550e+005 5.855984e+007 
9.244406e+005 5.856605e+007 
9.476934e+005 5.857248e+007 
9.713114e+005 5.857913e+007 
9.952924e+005 5.858600e+007 
1.019634e+006 5.859310e+007 
1.044335e+006 5.860044e+007 
1.069392e+006 5.860801e+007 
1.094803e+006 5.861581e+007 
1.120566e+006 5.862386e+007 
1.146679e+006 5.863216e+007 
1.173140e+006 5.864070e+007 
1.199945e+006 5.864950e+007 
1.227092e+006 5.865855e+007 
1.254580e+006 5.866786e+007 
1.282405e+006 5.867743e+007 
1.310566e+006 5.868727e+007 
1.339059e+006 5.869737e+007 
1.367882e+006 5.870775e+007 
1.397033e+006 5.871840e+007 
1.426508e+006 5.872933e+007 
1.456306e+006 5.874054e+007 
1.486423e+006 5.875203e+007 
1.516856e+006 5.876381e+007 
1.547604e+006 5.877588e+007 
1.578663e+006 5.878824e+007 
1.610031e+006 5.880090e+007 
1.641704e+006 5.881386e+007 
1.673680e+006 5.882712e+007 
1.705956e+006 5.884068e+007 
1.738529e+006 5.885455e+007 
1.771396e+006 5.886873e+007 
1.804554e+006 5.888322e+007 
1.838001e+006 5.889803e+007 
1.871732e+006 5.891316e+007 
1.905746e+006 5.892861e+007 
1.940038e+006 5.894439e+007 
1.974607e+006 5.896049e+007 
2.009448e+006 5.897692e+007 
2.044559e+006 5.899368e+007 
2.079936e+006 5.901078e+007 
2.115577e+006 5.902821e+007 
2.151477e+006 5.904598e+007 
2.187635e+006 5.906410e+007 
2.224046e+006 5.908256e+007 
2.260707e+006 5.910137e+007 
2.297615e+006 5.912052e+007 
2.334767e+006 5.914003e+007 
2.372160e+006 5.915989e+007 
2.409789e+006 5.918011e+007 
2.447651e+006 5.920069e+007 
2.485744e+006 5.922163e+007 
2.524063e+006 5.924293e+007 
2.562605e+006 5.926459e+007 
2.601367e+006 5.928663e+007 
2.640345e+006 5.930903e+007 
2.679536e+006 5.933180e+007 
2.718936e+006 5.935495e+007 
2.758541e+006 5.937848e+007 
2.798348e+006 5.940238e+007 
2.838354e+006 5.942666e+007 
2.878554e+006 5.945132e+007 
2.918945e+006 5.947636e+007 
2.959523e+006 5.950179e+007 
3.000285e+006 5.952761e+007 
3.041228e+006 5.955382e+007 
3.082346e+006 5.958041e+007 
3.123637e+006 5.960740e+007 
3.165097e+006 5.963478e+007 
3.206721e+006 5.966256e+007 
3.248507e+006 5.969074e+007 
3.290451e+006 5.971931e+007 
3.332548e+006 5.974828e+007 
3.374795e+006 5.977766e+007 
3.417188e+006 5.980743e+007 
3.459723e+006 5.983761e+007 
3.502396e+006 5.986820e+007 
