60 2
3.844000e+008 0.000000e+000 
3.844000e+008 4.420060e+007 
3.794640e+008 8.783363e+007 
3.697511e+008 1.303609e+008 
3.554741e+008 1.712791e+008 
3.368930e+008 2.101235e+008 
3.143084e+008 2.464708e+008 
2.880546e+008 2.799409e+008 
2.584946e+008 3.101978e+008 
2.260137e+008 3.369497e+008 
1.910157e+008 3.599489e+008 
1.539177e+008 3.789910e+008 
1.151470e+008 3.939142e+008 
7.513705e+007 4.045982e+008 
3.432510e+007 4.109635e+008 
-6.850909e+006 4.129700e+008 
-4.795459e+007 4.106166e+008 
-8.855338e+007 4.039402e+008 
-1.282207e+008 3.930147e+008 
-1.665380e+008 3.779513e+008 
-2.030970e+008 3.588974e+008 
-2.375016e+008 3.360365e+008 
-2.693707e+008 3.095881e+008 
-2.983404e+008 2.798074e+008 
-3.240669e+008 2.469850e+008 
-3.462298e+008 2.114467e+008 
-3.645356e+008 1.735527e+008 
-3.787210e+008 1.336971e+008 
-3.885579e+008 9.230639e+007 
-3.938573e+008 4.983770e+007 
-3.944743e+008 6.776517e+006 
-3.903130e+008 -3.636675e+007 
-3.813319e+008 -7.906093e+007 
-3.675482e+008 -1.207594e+008 
-3.490429e+008 -1.609066e+008 
-3.259646e+008 -1.989456e+008 
-2.985323e+008 -2.343273e+008 
-2.670374e+008 -2.665201e+008 
-2.318437e+008 -2.950213e+008 
-1.933853e+008 -3.193681e+008 
-1.521628e+008 -3.391502e+008 
-1.087366e+008 -3.540205e+008 
-6.371800e+007 -3.637063e+008 
-1.775791e+007 -3.680181e+008 
2.846628e+007 -3.668566e+008 
7.426543e+007 -3.602175e+008 
1.189542e+008 -3.481927e+008 
1.618667e+008 -3.309686e+008 
2.023717e+008 -3.088216e+008 
2.398858e+008 -2.821107e+008 
2.738860e+008 -2.512674e+008 
3.039185e+008 -2.167840e+008 
3.296056e+008 -1.792010e+008 
3.506495e+008 -1.390936e+008 
3.668344e+008 -9.705877e+007 
3.780250e+008 -5.370252e+007 
3.841639e+008 -9.628624e+006 
3.852672e+008 3.457148e+007 
3.814189e+008 7.832726e+007 
3.727646e+008 1.210961e+008 
