60 2
3.844000e+008 0.000000e+000 
3.844000e+008 4.420060e+007 
3.793658e+008 8.840120e+007 
3.693957e+008 1.320342e+008 
3.546510e+008 1.745547e+008 
3.353545e+008 2.154482e+008 
3.117865e+008 2.542392e+008 
2.842794e+008 2.904997e+008 
2.532103e+008 3.238556e+008 
2.189921e+008 3.539934e+008 
1.820626e+008 3.806636e+008 
1.428745e+008 4.036828e+008 
1.018839e+008 4.229331e+008 
5.953978e+007 4.383593e+008 
1.627513e+007 4.499643e+008 
-2.750108e+007 4.578028e+008 
-7.140992e+007 4.619746e+008 
-1.151067e+008 4.626162e+008 
-1.582835e+008 4.598936e+008 
-2.006699e+008 4.539948e+008 
-2.420330e+008 4.451225e+008 
-2.821755e+008 4.334888e+008 
-3.209338e+008 4.193095e+008 
-3.581752e+008 4.027999e+008 
-3.937951e+008 3.841717e+008 
-4.277137e+008 3.636302e+008 
-4.598731e+008 3.413725e+008 
-4.902342e+008 3.175860e+008 
-5.187745e+008 2.924478e+008 
-5.454849e+008 2.661242e+008 
-5.703682e+008 2.387706e+008 
-5.934367e+008 2.105316e+008 
-6.147104e+008 1.815412e+008 
-6.342160e+008 1.519237e+008 
-6.519851e+008 1.217932e+008 
-6.680534e+008 9.125535e+007 
-6.824594e+008 6.040698e+007 
-6.952443e+008 2.933716e+007 
-7.064506e+008 -1.872378e+006 
-7.161221e+008 -3.314669e+007 
-7.243031e+008 -6.441704e+007 
-7.310383e+008 -9.562048e+007 
-7.363722e+008 -1.266993e+008 
-7.403491e+008 -1.576006e+008 
-7.430130e+008 -1.882760e+008 
-7.444070e+008 -2.186811e+008 
-7.445737e+008 -2.487751e+008 
-7.435547e+008 -2.785209e+008 
-7.413909e+008 -3.078842e+008 
-7.381222e+008 -3.368336e+008 
-7.337875e+008 -3.653403e+008 
-7.284248e+008 -3.933779e+008 
-7.220710e+008 -4.209220e+008 
-7.147622e+008 -4.479504e+008 
-7.065334e+008 -4.744425e+008 
-6.974188e+008 -5.003795e+008 
-6.874516e+008 -5.257439e+008 
-6.766641e+008 -5.505197e+008 
-6.650876e+008 -5.746923e+008 
-6.527529e+008 -5.982479e+008 
