60 2
3.844000e+008 0.000000e+000 
3.818829e+008 4.420060e+007 
3.743488e+008 8.782241e+007 
3.618985e+008 1.302928e+008 
3.446992e+008 1.710555e+008 
3.229815e+008 2.095781e+008 
2.970363e+008 2.453597e+008 
2.672098e+008 2.779377e+008 
2.338987e+008 3.068939e+008 
1.975443e+008 3.318601e+008 
1.586258e+008 3.525223e+008 
1.176535e+008 3.686248e+008 
7.516180e+007 3.799728e+008 
3.170168e+007 3.864344e+008 
-1.216671e+007 3.879413e+008 
-5.588136e+007 3.844895e+008 
-9.888568e+007 3.761379e+008 
-1.406355e+008 3.630075e+008 
-1.806056e+008 3.452786e+008 
-2.182962e+008 3.231880e+008 
-2.532386e+008 2.970257e+008 
-2.850009e+008 2.671307e+008 
-3.131923e+008 2.338864e+008 
-3.374678e+008 1.977156e+008 
-3.575318e+008 1.590755e+008 
-3.731412e+008 1.184516e+008 
-3.841079e+008 7.635204e+007 
-3.903007e+008 3.330189e+007 
-3.916467e+008 -1.016348e+007 
-3.881320e+008 -5.350437e+007 
-3.798014e+008 -9.618308e+007 
-3.667586e+008 -1.376701e+008 
-3.491640e+008 -1.774503e+008 
-3.272338e+008 -2.150290e+008 
-3.012372e+008 -2.499376e+008 
-2.714936e+008 -2.817395e+008 
-2.383687e+008 -3.100349e+008 
-2.022710e+008 -3.344663e+008 
-1.636464e+008 -3.547228e+008 
-1.229738e+008 -3.705440e+008 
-8.075910e+007 -3.817238e+008 
-3.752914e+007 -3.881131e+008 
6.174440e+006 -3.896223e+008 
4.980195e+007 -3.862226e+008 
9.280250e+007 -3.779474e+008 
1.346310e+008 -3.648915e+008 
1.747552e+008 -3.472115e+008 
2.126626e+008 -3.251231e+008 
2.478673e+008 -2.988996e+008 
2.799167e+008 -2.688683e+008 
3.083972e+008 -2.354066e+008 
3.329405e+008 -1.989373e+008 
3.532284e+008 -1.599232e+008 
3.689973e+008 -1.188612e+008 
3.800419e+008 -7.627560e+007 
3.862183e+008 -3.271107e+007 
3.874459e+008 1.127441e+007 
3.837086e+008 5.511719e+007 
3.750548e+008 9.825558e+007 
3.615972e+008 1.401373e+008 
