60 2
3.844000e+008 0.000000e+000 
3.818857e+008 4.415236e+007 
3.743706e+008 8.772689e+007 
3.619554e+008 1.301535e+008 
3.448065e+008 1.708783e+008 
3.231535e+008 2.093715e+008 
2.972860e+008 2.451345e+008 
2.675487e+008 2.777071e+008 
2.343363e+008 3.066733e+008 
1.980876e+008 3.316667e+008 
1.592793e+008 3.523751e+008 
1.184186e+008 3.685441e+008 
7.603645e+007 3.799797e+008 
3.268037e+007 3.865504e+008 
-1.109324e+007 3.881877e+008 
-5.472617e+007 3.848867e+008 
-9.766556e+007 3.767050e+008 
-1.393708e+008 3.637612e+008 
-1.793199e+008 3.462329e+008 
-2.170161e+008 3.243535e+008 
-2.519930e+008 2.984092e+008 
-2.838203e+008 2.687346e+008 
-3.121083e+008 2.357082e+008 
-3.365122e+008 1.997481e+008 
-3.567358e+008 1.613062e+008 
-3.725347e+008 1.208631e+008 
-3.837183e+008 7.892242e+007 
-3.901525e+008 3.600455e+007 
-3.917607e+008 -7.358988e+006 
-3.885242e+008 -5.063180e+007 
-3.804832e+008 -9.327877e+007 
-3.677356e+008 -1.347721e+008 
-3.504364e+008 -1.745976e+008 
-3.287958e+008 -2.122604e+008 
-3.030773e+008 -2.472908e+008 
-2.735947e+008 -2.792503e+008 
-2.407087e+008 -3.077363e+008 
-2.048230e+008 -3.323876e+008 
-1.663796e+008 -3.528887e+008 
-1.258543e+008 -3.689744e+008 
-8.375057e+007 -3.804331e+008 
-4.059394e+007 -3.871100e+008 
3.074320e+006 -3.889096e+008 
4.670393e+007 -3.857975e+008 
8.974247e+007 -3.778013e+008 
1.316424e+008 -3.650110e+008 
1.718683e+008 -3.475783e+008 
2.099036e+008 -3.257152e+008 
2.452582e+008 -2.996918e+008 
2.774744e+008 -2.698333e+008 
3.061338e+008 -2.365155e+008 
3.308629e+008 -2.001609e+008 
3.513384e+008 -1.612329e+008 
3.672922e+008 -1.202294e+008 
3.785146e+008 -7.767687e+007 
3.848579e+008 -3.412281e+007 
3.862384e+008 9.871559e+006 
3.826375e+008 5.373892e+007 
3.741021e+008 9.691357e+007 
3.607437e+008 1.388392e+008 
