731 2
7.635000e+011 0.000000e+000 
7.635000e+011 1.094504e+009 
7.634983e+011 2.189005e+009 
7.634949e+011 3.283502e+009 
7.634898e+011 4.377992e+009 
7.634830e+011 5.472471e+009 
7.634745e+011 6.566939e+009 
7.634643e+011 7.661391e+009 
7.634524e+011 8.755827e+009 
7.634388e+011 9.850243e+009 
7.634235e+011 1.094464e+010 
7.634065e+011 1.203901e+010 
7.633878e+011 1.313335e+010 
7.633674e+011 1.422766e+010 
7.633453e+011 1.532195e+010 
7.633215e+011 1.641619e+010 
7.632960e+011 1.751041e+010 
7.632688e+011 1.860458e+010 
7.632399e+011 1.969871e+010 
7.632093e+011 2.079280e+010 
7.631770e+011 2.188684e+010 
7.631430e+011 2.298083e+010 
7.631073e+011 2.407477e+010 
7.630699e+011 2.516866e+010 
7.630308e+011 2.626249e+010 
7.629901e+011 2.735626e+010 
7.629476e+011 2.844998e+010 
7.629034e+011 2.954362e+010 
7.628575e+011 3.063721e+010 
7.628099e+011 3.173072e+010 
7.627606e+011 3.282417e+010 
7.627096e+011 3.391754e+010 
7.626569e+011 3.501083e+010 
7.626026e+011 3.610405e+010 
7.625465e+011 3.719719e+010 
7.624887e+011 3.829024e+010 
7.624292e+011 3.938321e+010 
7.623681e+011 4.047609e+010 
7.623052e+011 4.156888e+010 
7.622406e+011 4.266158e+010 
7.621743e+011 4.375418e+010 
7.621064e+011 4.484669e+010 
7.620367e+011 4.593910e+010 
7.619654e+011 4.703140e+010 
7.618923e+011 4.812360e+010 
7.618175e+011 4.921569e+010 
7.617411e+011 5.030767e+010 
7.616629e+011 5.139954e+010 
7.615831e+011 5.249130e+010 
7.615016e+011 5.358294e+010 
7.614183e+011 5.467446e+010 
7.613334e+011 5.576585e+010 
7.612468e+011 5.685713e+010 
7.611584e+011 5.794827e+010 
7.610684e+011 5.903929e+010 
7.609767e+011 6.013018e+010 
7.608833e+011 6.122093e+010 
7.607882e+011 6.231154e+010 
7.606914e+011 6.340202e+010 
7.605929e+011 6.449236e+010 
7.604927e+011 6.558255e+010 
7.603908e+011 6.667259e+010 
7.602872e+011 6.776249e+010 
7.601819e+011 6.885224e+010 
7.600750e+011 6.994183e+010 
7.599663e+011 7.103127e+010 
7.598560e+011 7.212055e+010 
7.597439e+011 7.320966e+010 
7.596302e+011 7.429862e+010 
7.595147e+011 7.538741e+010 
7.593976e+011 7.647603e+010 
7.592788e+011 7.756448e+010 
7.591583e+011 7.865276e+010 
7.590361e+011 7.974086e+010 
7.589122e+011 8.082878e+010 
7.587866e+011 8.191653e+010 
7.586593e+011 8.300409e+010 
7.585303e+011 8.409147e+010 
7.583997e+011 8.517866e+010 
7.582673e+011 8.626566e+010 
7.581333e+011 8.735246e+010 
7.579975e+011 8.843908e+010 
7.578601e+011 8.952549e+010 
7.577210e+011 9.061171e+010 
7.575802e+011 9.169772e+010 
7.574377e+011 9.278353e+010 
7.572935e+011 9.386913e+010 
7.571476e+011 9.495452e+010 
7.570001e+011 9.603970e+010 
7.568508e+011 9.712467e+010 
7.566999e+011 9.820942e+010 
7.565472e+011 9.929395e+010 
7.563929e+011 1.003783e+011 
7.562369e+011 1.014623e+011 
7.560792e+011 1.025462e+011 
7.559199e+011 1.036298e+011 
7.557588e+011 1.047132e+011 
7.555961e+011 1.057964e+011 
7.554316e+011 1.068793e+011 
7.552655e+011 1.079620e+011 
7.550977e+011 1.090445e+011 
7.549282e+011 1.101267e+011 
7.547570e+011 1.112086e+011 
7.545842e+011 1.122904e+011 
7.544096e+011 1.133718e+011 
7.542334e+011 1.144530e+011 
7.540555e+011 1.155340e+011 
7.538759e+011 1.166147e+011 
7.536946e+011 1.176951e+011 
7.535117e+011 1.187753e+011 
7.533270e+011 1.198552e+011 
7.531407e+011 1.209348e+011 
7.529527e+011 1.220142e+011 
7.527630e+011 1.230933e+011 
7.525716e+011 1.241721e+011 
7.523786e+011 1.252507e+011 
7.521839e+011 1.263289e+011 
7.519875e+011 1.274069e+011 
7.517894e+011 1.284846e+011 
7.515896e+011 1.295620e+011 
7.513882e+011 1.306391e+011 
7.511850e+011 1.317160e+011 
7.509802e+011 1.327925e+011 
7.507738e+011 1.338688e+011 
7.505656e+011 1.349447e+011 
7.503558e+011 1.360203e+011 
7.501442e+011 1.370957e+011 
7.499311e+011 1.381707e+011 
7.497162e+011 1.392454e+011 
7.494997e+011 1.403198e+011 
7.492814e+011 1.413939e+011 
7.490615e+011 1.424677e+011 
7.488400e+011 1.435412e+011 
7.486167e+011 1.446143e+011 
7.483918e+011 1.456871e+011 
7.481652e+011 1.467596e+011 
7.479370e+011 1.478318e+011 
7.477071e+011 1.489036e+011 
7.474755e+011 1.499751e+011 
7.472422e+011 1.510463e+011 
7.470072e+011 1.521171e+011 
7.467706e+011 1.531876e+011 
7.465323e+011 1.542577e+011 
7.462924e+011 1.553275e+011 
7.460507e+011 1.563970e+011 
7.458074e+011 1.574661e+011 
7.455625e+011 1.585348e+011 
7.453158e+011 1.596032e+011 
7.450675e+011 1.606712e+011 
7.448176e+011 1.617389e+011 
7.445659e+011 1.628062e+011 
7.443126e+011 1.638732e+011 
7.440577e+011 1.649398e+011 
7.438010e+011 1.660060e+011 
7.435427e+011 1.670718e+011 
7.432828e+011 1.681373e+011 
7.430211e+011 1.692024e+011 
7.427578e+011 1.702671e+011 
7.424929e+011 1.713314e+011 
7.422263e+011 1.723954e+011 
7.419580e+011 1.734589e+011 
7.416880e+011 1.745221e+011 
7.414164e+011 1.755849e+011 
7.411432e+011 1.766473e+011 
7.408682e+011 1.777093e+011 
7.405916e+011 1.787709e+011 
7.403134e+011 1.798321e+011 
7.400335e+011 1.808928e+011 
7.397519e+011 1.819532e+011 
7.394687e+011 1.830132e+011 
7.391838e+011 1.840728e+011 
7.388973e+011 1.851319e+011 
7.386091e+011 1.861907e+011 
7.383192e+011 1.872490e+011 
7.380277e+011 1.883069e+011 
7.377346e+011 1.893644e+011 
7.374397e+011 1.904214e+011 
7.371433e+011 1.914781e+011 
7.368451e+011 1.925343e+011 
7.365454e+011 1.935900e+011 
7.362439e+011 1.946453e+011 
7.359409e+011 1.957002e+011 
7.356361e+011 1.967547e+011 
7.353297e+011 1.978087e+011 
7.350217e+011 1.988623e+011 
7.347120e+011 1.999154e+011 
7.344007e+011 2.009681e+011 
7.340877e+011 2.020203e+011 
7.337731e+011 2.030721e+011 
7.334568e+011 2.041234e+011 
7.331389e+011 2.051743e+011 
7.328193e+011 2.062246e+011 
7.324981e+011 2.072746e+011 
7.321752e+011 2.083240e+011 
7.318507e+011 2.093730e+011 
7.315245e+011 2.104216e+011 
7.311967e+011 2.114696e+011 
7.308673e+011 2.125172e+011 
7.305362e+011 2.135643e+011 
7.302035e+011 2.146109e+011 
7.298691e+011 2.156571e+011 
7.295331e+011 2.167027e+011 
7.291955e+011 2.177479e+011 
7.288562e+011 2.187926e+011 
7.285153e+011 2.198368e+011 
7.281727e+011 2.208805e+011 
7.278285e+011 2.219236e+011 
7.274827e+011 2.229663e+011 
7.271352e+011 2.240085e+011 
7.267861e+011 2.250502e+011 
7.264353e+011 2.260914e+011 
7.260829e+011 2.271321e+011 
7.257289e+011 2.281723e+011 
7.253733e+011 2.292119e+011 
7.250160e+011 2.302510e+011 
7.246571e+011 2.312897e+011 
7.242965e+011 2.323277e+011 
7.239344e+011 2.333653e+011 
7.235706e+011 2.344024e+011 
7.232051e+011 2.354389e+011 
7.228381e+011 2.364749e+011 
7.224694e+011 2.375103e+011 
7.220990e+011 2.385453e+011 
7.217271e+011 2.395796e+011 
7.213535e+011 2.406135e+011 
7.209783e+011 2.416468e+011 
7.206015e+011 2.426795e+011 
7.202230e+011 2.437117e+011 
7.198430e+011 2.447434e+011 
7.194613e+011 2.457745e+011 
7.190779e+011 2.468051e+011 
7.186930e+011 2.478351e+011 
7.183064e+011 2.488645e+011 
7.179183e+011 2.498934e+011 
7.175285e+011 2.509217e+011 
7.171370e+011 2.519494e+011 
7.167440e+011 2.529766e+011 
7.163493e+011 2.540032e+011 
7.159531e+011 2.550293e+011 
7.155552e+011 2.560547e+011 
7.151557e+011 2.570796e+011 
7.147545e+011 2.581039e+011 
7.143518e+011 2.591276e+011 
7.139475e+011 2.601507e+011 
7.135415e+011 2.611733e+011 
7.131339e+011 2.621952e+011 
7.127247e+011 2.632166e+011 
7.123140e+011 2.642374e+011 
7.119015e+011 2.652575e+011 
7.114875e+011 2.662771e+011 
7.110719e+011 2.672961e+011 
7.106547e+011 2.683144e+011 
7.102359e+011 2.693322e+011 
7.098154e+011 2.703494e+011 
7.093934e+011 2.713659e+011 
7.089697e+011 2.723818e+011 
7.085445e+011 2.733971e+011 
7.081176e+011 2.744118e+011 
7.076891e+011 2.754259e+011 
7.072591e+011 2.764393e+011 
7.068274e+011 2.774521e+011 
7.063942e+011 2.784643e+011 
7.059593e+011 2.794759e+011 
7.055228e+011 2.804868e+011 
7.050848e+011 2.814971e+011 
7.046451e+011 2.825068e+011 
7.042039e+011 2.835158e+011 
7.037610e+011 2.845242e+011 
7.033166e+011 2.855319e+011 
7.028706e+011 2.865390e+011 
7.024229e+011 2.875454e+011 
7.019737e+011 2.885512e+011 
7.015229e+011 2.895563e+011 
7.010705e+011 2.905608e+011 
7.006165e+011 2.915646e+011 
7.001610e+011 2.925677e+011 
6.997038e+011 2.935702e+011 
6.992450e+011 2.945721e+011 
6.987847e+011 2.955732e+011 
6.983228e+011 2.965737e+011 
6.978593e+011 2.975735e+011 
6.973942e+011 2.985726e+011 
6.969275e+011 2.995711e+011 
6.964592e+011 3.005689e+011 
6.959894e+011 3.015660e+011 
6.955180e+011 3.025624e+011 
6.950450e+011 3.035581e+011 
6.945704e+011 3.045531e+011 
6.940943e+011 3.055475e+011 
6.936165e+011 3.065411e+011 
6.931372e+011 3.075341e+011 
6.926563e+011 3.085263e+011 
6.921739e+011 3.095179e+011 
6.916898e+011 3.105087e+011 
6.912042e+011 3.114988e+011 
6.907171e+011 3.124883e+011 
6.902283e+011 3.134770e+011 
6.897380e+011 3.144650e+011 
6.892461e+011 3.154523e+011 
6.887527e+011 3.164389e+011 
6.882576e+011 3.174247e+011 
6.877610e+011 3.184098e+011 
6.872629e+011 3.193943e+011 
6.867632e+011 3.203779e+011 
6.862619e+011 3.213609e+011 
6.857590e+011 3.223431e+011 
6.852546e+011 3.233246e+011 
6.847487e+011 3.243053e+011 
6.842411e+011 3.252853e+011 
6.837321e+011 3.262646e+011 
6.832214e+011 3.272431e+011 
6.827092e+011 3.282209e+011 
6.821954e+011 3.291979e+011 
6.816801e+011 3.301742e+011 
6.811633e+011 3.311497e+011 
6.806448e+011 3.321245e+011 
6.801249e+011 3.330985e+011 
6.796033e+011 3.340718e+011 
6.790802e+011 3.350443e+011 
6.785556e+011 3.360160e+011 
6.780294e+011 3.369870e+011 
6.775017e+011 3.379571e+011 
6.769724e+011 3.389266e+011 
6.764416e+011 3.398952e+011 
6.759092e+011 3.408631e+011 
6.753753e+011 3.418302e+011 
6.748399e+011 3.427965e+011 
6.743029e+011 3.437620e+011 
6.737644e+011 3.447267e+011 
6.732243e+011 3.456907e+011 
6.726827e+011 3.466538e+011 
6.721395e+011 3.476162e+011 
6.715948e+011 3.485778e+011 
6.710486e+011 3.495386e+011 
6.705008e+011 3.504985e+011 
6.699515e+011 3.514577e+011 
6.694007e+011 3.524161e+011 
6.688484e+011 3.533736e+011 
6.682945e+011 3.543304e+011 
6.677390e+011 3.552863e+011 
6.671821e+011 3.562415e+011 
6.666236e+011 3.571958e+011 
6.660636e+011 3.581493e+011 
6.655021e+011 3.591019e+011 
6.649390e+011 3.600538e+011 
6.643744e+011 3.610048e+011 
6.638083e+011 3.619550e+011 
6.632407e+011 3.629044e+011 
6.626715e+011 3.638529e+011 
6.621009e+011 3.648006e+011 
6.615287e+011 3.657475e+011 
6.609550e+011 3.666935e+011 
6.603798e+011 3.676387e+011 
6.598030e+011 3.685830e+011 
6.592248e+011 3.695265e+011 
6.586450e+011 3.704692e+011 
6.580637e+011 3.714110e+011 
6.574809e+011 3.723519e+011 
6.568966e+011 3.732920e+011 
6.563108e+011 3.742312e+011 
6.557235e+011 3.751696e+011 
6.551347e+011 3.761071e+011 
6.545443e+011 3.770437e+011 
6.539525e+011 3.779795e+011 
6.533592e+011 3.789144e+011 
6.527643e+011 3.798484e+011 
6.521680e+011 3.807816e+011 
6.515701e+011 3.817139e+011 
6.509708e+011 3.826453e+011 
6.503700e+011 3.835758e+011 
6.497676e+011 3.845055e+011 
6.491638e+011 3.854342e+011 
6.485584e+011 3.863621e+011 
6.479516e+011 3.872891e+011 
6.473433e+011 3.882151e+011 
6.467335e+011 3.891403e+011 
6.461222e+011 3.900646e+011 
6.455094e+011 3.909880e+011 
6.448951e+011 3.919105e+011 
6.442794e+011 3.928321e+011 
6.436621e+011 3.937528e+011 
6.430434e+011 3.946726e+011 
6.424232e+011 3.955914e+011 
6.418015e+011 3.965094e+011 
6.411783e+011 3.974264e+011 
6.405536e+011 3.983425e+011 
6.399275e+011 3.992577e+011 
6.392999e+011 4.001720e+011 
6.386708e+011 4.010854e+011 
6.380402e+011 4.019978e+011 
6.374081e+011 4.029093e+011 
6.367746e+011 4.038199e+011 
6.361396e+011 4.047295e+011 
6.355032e+011 4.056382e+011 
6.348652e+011 4.065460e+011 
6.342258e+011 4.074528e+011 
6.335850e+011 4.083587e+011 
6.329426e+011 4.092636e+011 
6.322988e+011 4.101676e+011 
6.316536e+011 4.110706e+011 
6.310068e+011 4.119727e+011 
6.303587e+011 4.128738e+011 
6.297090e+011 4.137740e+011 
6.290579e+011 4.146732e+011 
6.284054e+011 4.155715e+011 
6.277513e+011 4.164688e+011 
6.270959e+011 4.173651e+011 
6.264389e+011 4.182604e+011 
6.257806e+011 4.191548e+011 
6.251207e+011 4.200482e+011 
6.244594e+011 4.209407e+011 
6.237967e+011 4.218322e+011 
6.231325e+011 4.227226e+011 
6.224669e+011 4.236121e+011 
6.217998e+011 4.245007e+011 
6.211313e+011 4.253882e+011 
6.204614e+011 4.262747e+011 
6.197900e+011 4.271603e+011 
6.191171e+011 4.280449e+011 
6.184429e+011 4.289284e+011 
6.177671e+011 4.298110e+011 
6.170900e+011 4.306926e+011 
6.164114e+011 4.315732e+011 
6.157314e+011 4.324527e+011 
6.150499e+011 4.333313e+011 
6.143671e+011 4.342088e+011 
6.136828e+011 4.350854e+011 
6.129970e+011 4.359609e+011 
6.123098e+011 4.368354e+011 
6.116212e+011 4.377089e+011 
6.109312e+011 4.385814e+011 
6.102398e+011 4.394529e+011 
6.095469e+011 4.403233e+011 
6.088526e+011 4.411927e+011 
6.081569e+011 4.420611e+011 
6.074598e+011 4.429284e+011 
6.067613e+011 4.437947e+011 
6.060613e+011 4.446600e+011 
6.053600e+011 4.455243e+011 
6.046572e+011 4.463875e+011 
6.039530e+011 4.472496e+011 
6.032474e+011 4.481107e+011 
6.025404e+011 4.489708e+011 
6.018319e+011 4.498298e+011 
6.011221e+011 4.506878e+011 
6.004109e+011 4.515447e+011 
5.996983e+011 4.524006e+011 
5.989842e+011 4.532554e+011 
5.982688e+011 4.541091e+011 
5.975520e+011 4.549618e+011 
5.968337e+011 4.558134e+011 
5.961141e+011 4.566640e+011 
5.953931e+011 4.575135e+011 
5.946707e+011 4.583619e+011 
5.939468e+011 4.592092e+011 
5.932216e+011 4.600555e+011 
5.924951e+011 4.609007e+011 
5.917671e+011 4.617448e+011 
5.910377e+011 4.625878e+011 
5.903070e+011 4.634297e+011 
5.895748e+011 4.642706e+011 
5.888413e+011 4.651103e+011 
5.881064e+011 4.659490e+011 
5.873701e+011 4.667866e+011 
5.866325e+011 4.676231e+011 
5.858934e+011 4.684585e+011 
5.851530e+011 4.692928e+011 
5.844113e+011 4.701259e+011 
5.836681e+011 4.709580e+011 
5.829236e+011 4.717890e+011 
5.821777e+011 4.726189e+011 
5.814304e+011 4.734476e+011 
5.806818e+011 4.742753e+011 
5.799318e+011 4.751018e+011 
5.791804e+011 4.759272e+011 
5.784277e+011 4.767515e+011 
5.776736e+011 4.775746e+011 
5.769182e+011 4.783967e+011 
5.761614e+011 4.792176e+011 
5.754032e+011 4.800374e+011 
5.746437e+011 4.808561e+011 
5.738828e+011 4.816736e+011 
5.731206e+011 4.824900e+011 
5.723570e+011 4.833052e+011 
5.715921e+011 4.841193e+011 
5.708259e+011 4.849323e+011 
5.700582e+011 4.857441e+011 
5.692893e+011 4.865548e+011 
5.685190e+011 4.873644e+011 
5.677473e+011 4.881728e+011 
5.669744e+011 4.889800e+011 
5.662000e+011 4.897861e+011 
5.654244e+011 4.905910e+011 
5.646474e+011 4.913947e+011 
5.638691e+011 4.921974e+011 
5.630894e+011 4.929988e+011 
5.623084e+011 4.937991e+011 
5.615261e+011 4.945982e+011 
5.607424e+011 4.953961e+011 
5.599575e+011 4.961929e+011 
5.591712e+011 4.969885e+011 
5.583835e+011 4.977829e+011 
5.575946e+011 4.985761e+011 
5.568043e+011 4.993682e+011 
5.560127e+011 5.001590e+011 
5.552198e+011 5.009487e+011 
5.544256e+011 5.017372e+011 
5.536301e+011 5.025245e+011 
5.528332e+011 5.033106e+011 
5.520351e+011 5.040956e+011 
5.512356e+011 5.048793e+011 
5.504348e+011 5.056618e+011 
5.496327e+011 5.064432e+011 
5.488294e+011 5.072233e+011 
5.480247e+011 5.080022e+011 
5.472187e+011 5.087799e+011 
5.464114e+011 5.095564e+011 
5.456028e+011 5.103317e+011 
5.447929e+011 5.111058e+011 
5.439817e+011 5.118787e+011 
5.431693e+011 5.126504e+011 
5.423555e+011 5.134208e+011 
5.415404e+011 5.141900e+011 
5.407241e+011 5.149580e+011 
5.399065e+011 5.157248e+011 
5.390875e+011 5.164903e+011 
5.382673e+011 5.172546e+011 
5.374458e+011 5.180177e+011 
5.366231e+011 5.187795e+011 
5.357990e+011 5.195401e+011 
5.349737e+011 5.202995e+011 
5.341471e+011 5.210576e+011 
5.333193e+011 5.218145e+011 
5.324901e+011 5.225701e+011 
5.316597e+011 5.233245e+011 
5.308280e+011 5.240776e+011 
5.299951e+011 5.248295e+011 
5.291609e+011 5.255802e+011 
5.283254e+011 5.263295e+011 
5.274886e+011 5.270777e+011 
5.266506e+011 5.278245e+011 
5.258114e+011 5.285701e+011 
5.249708e+011 5.293145e+011 
5.241291e+011 5.300575e+011 
5.232860e+011 5.307993e+011 
5.224418e+011 5.315399e+011 
5.215962e+011 5.322791e+011 
5.207495e+011 5.330171e+011 
5.199014e+011 5.337538e+011 
5.190522e+011 5.344893e+011 
5.182016e+011 5.352234e+011 
5.173499e+011 5.359563e+011 
5.164969e+011 5.366879e+011 
5.156426e+011 5.374182e+011 
5.147872e+011 5.381472e+011 
5.139305e+011 5.388749e+011 
5.130725e+011 5.396013e+011 
5.122133e+011 5.403264e+011 
5.113529e+011 5.410502e+011 
5.104913e+011 5.417728e+011 
5.096285e+011 5.424940e+011 
5.087644e+011 5.432139e+011 
5.078991e+011 5.439325e+011 
5.070325e+011 5.446499e+011 
5.061648e+011 5.453659e+011 
5.052958e+011 5.460805e+011 
5.044256e+011 5.467939e+011 
5.035542e+011 5.475060e+011 
5.026816e+011 5.482167e+011 
5.018078e+011 5.489261e+011 
5.009328e+011 5.496342e+011 
5.000566e+011 5.503410e+011 
4.991791e+011 5.510465e+011 
4.983005e+011 5.517506e+011 
4.974206e+011 5.524534e+011 
4.965396e+011 5.531548e+011 
4.956573e+011 5.538549e+011 
4.947739e+011 5.545537e+011 
4.938893e+011 5.552512e+011 
4.930034e+011 5.559473e+011 
4.921164e+011 5.566420e+011 
4.912282e+011 5.573354e+011 
4.903388e+011 5.580275e+011 
4.894483e+011 5.587182e+011 
4.885565e+011 5.594076e+011 
4.876635e+011 5.600956e+011 
4.867694e+011 5.607823e+011 
4.858741e+011 5.614676e+011 
4.849776e+011 5.621515e+011 
4.840800e+011 5.628341e+011 
4.831812e+011 5.635153e+011 
4.822812e+011 5.641952e+011 
4.813800e+011 5.648737e+011 
4.804777e+011 5.655508e+011 
4.795742e+011 5.662265e+011 
4.786695e+011 5.669009e+011 
4.777637e+011 5.675739e+011 
4.768567e+011 5.682455e+011 
4.759486e+011 5.689158e+011 
4.750393e+011 5.695846e+011 
4.741288e+011 5.702521e+011 
4.732172e+011 5.709182e+011 
4.723045e+011 5.715829e+011 
4.713906e+011 5.722462e+011 
4.704756e+011 5.729081e+011 
4.695594e+011 5.735686e+011 
4.686420e+011 5.742278e+011 
4.677236e+011 5.748855e+011 
4.668040e+011 5.755418e+011 
4.658832e+011 5.761968e+011 
4.649613e+011 5.768503e+011 
4.640383e+011 5.775024e+011 
4.631142e+011 5.781531e+011 
4.621889e+011 5.788025e+011 
4.612625e+011 5.794503e+011 
4.603350e+011 5.800968e+011 
4.594063e+011 5.807419e+011 
4.584765e+011 5.813855e+011 
4.575457e+011 5.820278e+011 
4.566136e+011 5.826686e+011 
4.556805e+011 5.833080e+011 
4.547463e+011 5.839459e+011 
4.538109e+011 5.845825e+011 
4.528745e+011 5.852176e+011 
4.519369e+011 5.858512e+011 
4.509982e+011 5.864835e+011 
4.500585e+011 5.871143e+011 
4.491176e+011 5.877436e+011 
4.481756e+011 5.883716e+011 
4.472325e+011 5.889981e+011 
4.462884e+011 5.896231e+011 
4.453431e+011 5.902467e+011 
4.443967e+011 5.908689e+011 
4.434493e+011 5.914896e+011 
4.425008e+011 5.921088e+011 
4.415512e+011 5.927266e+011 
4.406004e+011 5.933429e+011 
4.396487e+011 5.939578e+011 
4.386958e+011 5.945713e+011 
4.377419e+011 5.951832e+011 
4.367868e+011 5.957937e+011 
4.358308e+011 5.964028e+011 
4.348736e+011 5.970104e+011 
4.339154e+011 5.976165e+011 
4.329561e+011 5.982211e+011 
4.319957e+011 5.988243e+011 
4.310343e+011 5.994259e+011 
4.300718e+011 6.000262e+011 
4.291082e+011 6.006249e+011 
4.281436e+011 6.012222e+011 
4.271780e+011 6.018179e+011 
4.262112e+011 6.024122e+011 
4.252435e+011 6.030050e+011 
4.242747e+011 6.035963e+011 
4.233048e+011 6.041862e+011 
4.223339e+011 6.047745e+011 
4.213620e+011 6.053614e+011 
4.203890e+011 6.059467e+011 
4.194149e+011 6.065306e+011 
4.184399e+011 6.071129e+011 
4.174638e+011 6.076938e+011 
4.164866e+011 6.082731e+011 
4.155085e+011 6.088509e+011 
4.145293e+011 6.094273e+011 
4.135491e+011 6.100021e+011 
4.125678e+011 6.105754e+011 
4.115856e+011 6.111472e+011 
4.106023e+011 6.117175e+011 
4.096180e+011 6.122863e+011 
4.086327e+011 6.128536e+011 
4.076464e+011 6.134193e+011 
4.066590e+011 6.139835e+011 
4.056707e+011 6.145462e+011 
4.046813e+011 6.151074e+011 
4.036910e+011 6.156670e+011 
4.026996e+011 6.162251e+011 
4.017072e+011 6.167817e+011 
4.007139e+011 6.173368e+011 
3.997195e+011 6.178903e+011 
3.987242e+011 6.184423e+011 
3.977278e+011 6.189927e+011 
3.967305e+011 6.195416e+011 
3.957322e+011 6.200890e+011 
3.947329e+011 6.206348e+011 
3.937326e+011 6.211791e+011 
3.927313e+011 6.217218e+011 
3.917291e+011 6.222630e+011 
3.907258e+011 6.228026e+011 
3.897217e+011 6.233406e+011 
3.887165e+011 6.238772e+011 
3.877103e+011 6.244121e+011 
3.867032e+011 6.249455e+011 
3.856952e+011 6.254774e+011 
3.846861e+011 6.260076e+011 
3.836761e+011 6.265363e+011 
3.826652e+011 6.270635e+011 
3.816533e+011 6.275891e+011 
3.806404e+011 6.281131e+011 
3.796266e+011 6.286355e+011 
3.786118e+011 6.291564e+011 
3.775961e+011 6.296757e+011 
3.765794e+011 6.301934e+011 
3.755618e+011 6.307095e+011 
3.745433e+011 6.312241e+011 
3.735238e+011 6.317370e+011 
3.725034e+011 6.322484e+011 
3.714820e+011 6.327582e+011 
3.704597e+011 6.332665e+011 
3.694365e+011 6.337731e+011 
3.684124e+011 6.342781e+011 
3.673873e+011 6.347816e+011 
3.663613e+011 6.352834e+011 
3.653344e+011 6.357837e+011 
3.643066e+011 6.362823e+011 
3.632778e+011 6.367794e+011 
3.622482e+011 6.372748e+011 
3.612176e+011 6.377687e+011 
3.601861e+011 6.382609e+011 
3.591537e+011 6.387516e+011 
3.581204e+011 6.392406e+011 
3.570862e+011 6.397280e+011 
3.560511e+011 6.402138e+011 
3.550152e+011 6.406980e+011 
3.539783e+011 6.411806e+011 
3.529405e+011 6.416616e+011 
3.519018e+011 6.421409e+011 
3.508623e+011 6.426186e+011 
3.498218e+011 6.430947e+011 
3.487805e+011 6.435692e+011 
3.477383e+011 6.440420e+011 
3.466952e+011 6.445133e+011 
