731 2
2.279000e+011 0.000000e+000 
2.279000e+011 2.138562e+009 
2.278809e+011 4.276944e+009 
2.278428e+011 6.414969e+009 
2.277856e+011 8.552456e+009 
2.277093e+011 1.068923e+010 
2.276140e+011 1.282511e+010 
2.274996e+011 1.495991e+010 
2.273662e+011 1.709347e+010 
2.272138e+011 1.922559e+010 
2.270424e+011 2.135611e+010 
2.268521e+011 2.348484e+010 
2.266427e+011 2.561162e+010 
2.264145e+011 2.773625e+010 
2.261674e+011 2.985856e+010 
2.259013e+011 3.197839e+010 
2.256165e+011 3.409555e+010 
2.253128e+011 3.620986e+010 
2.249903e+011 3.832115e+010 
2.246491e+011 4.042925e+010 
2.242891e+011 4.253398e+010 
2.239105e+011 4.463517e+010 
2.235132e+011 4.673264e+010 
2.230973e+011 4.882622e+010 
2.226629e+011 5.091573e+010 
2.222099e+011 5.300102e+010 
2.217385e+011 5.508190e+010 
2.212486e+011 5.715820e+010 
2.207404e+011 5.922975e+010 
2.202138e+011 6.129639e+010 
2.196690e+011 6.335794e+010 
2.191060e+011 6.541424e+010 
2.185248e+011 6.746512e+010 
2.179255e+011 6.951040e+010 
2.173081e+011 7.154993e+010 
2.166728e+011 7.358354e+010 
2.160195e+011 7.561107e+010 
2.153484e+011 7.763234e+010 
2.146595e+011 7.964720e+010 
2.139529e+011 8.165549e+010 
2.132286e+011 8.365704e+010 
2.124867e+011 8.565168e+010 
2.117273e+011 8.763927e+010 
2.109505e+011 8.961964e+010 
2.101564e+011 9.159264e+010 
2.093449e+011 9.355810e+010 
2.085162e+011 9.551587e+010 
2.076704e+011 9.746580e+010 
2.068076e+011 9.940772e+010 
2.059278e+011 1.013415e+011 
2.050311e+011 1.032670e+011 
2.041176e+011 1.051840e+011 
2.031874e+011 1.070924e+011 
2.022406e+011 1.089920e+011 
2.012773e+011 1.108827e+011 
2.002975e+011 1.127644e+011 
1.993014e+011 1.146369e+011 
1.982890e+011 1.165000e+011 
1.972605e+011 1.183536e+011 
1.962159e+011 1.201976e+011 
1.951554e+011 1.220319e+011 
1.940790e+011 1.238562e+011 
1.929868e+011 1.256704e+011 
1.918790e+011 1.274745e+011 
1.907556e+011 1.292682e+011 
1.896168e+011 1.310514e+011 
1.884626e+011 1.328241e+011 
1.872932e+011 1.345860e+011 
1.861087e+011 1.363370e+011 
1.849092e+011 1.380770e+011 
1.836947e+011 1.398059e+011 
1.824654e+011 1.415236e+011 
1.812215e+011 1.432298e+011 
1.799630e+011 1.449245e+011 
1.786900e+011 1.466076e+011 
1.774027e+011 1.482790e+011 
1.761011e+011 1.499384e+011 
1.747855e+011 1.515858e+011 
1.734559e+011 1.532211e+011 
1.721124e+011 1.548441e+011 
1.707551e+011 1.564548e+011 
1.693843e+011 1.580530e+011 
1.679999e+011 1.596386e+011 
1.666022e+011 1.612115e+011 
1.651912e+011 1.627716e+011 
1.637671e+011 1.643187e+011 
1.623299e+011 1.658528e+011 
1.608800e+011 1.673737e+011 
1.594172e+011 1.688814e+011 
1.579419e+011 1.703757e+011 
1.564541e+011 1.718566e+011 
1.549539e+011 1.733239e+011 
1.534415e+011 1.747775e+011 
1.519170e+011 1.762174e+011 
1.503806e+011 1.776434e+011 
1.488324e+011 1.790554e+011 
1.472724e+011 1.804534e+011 
1.457009e+011 1.818372e+011 
1.441180e+011 1.832068e+011 
1.425239e+011 1.845620e+011 
1.409186e+011 1.859028e+011 
1.393022e+011 1.872291e+011 
1.376751e+011 1.885408e+011 
1.360372e+011 1.898378e+011 
1.343887e+011 1.911201e+011 
1.327298e+011 1.923875e+011 
1.310605e+011 1.936400e+011 
1.293811e+011 1.948774e+011 
1.276917e+011 1.960998e+011 
1.259925e+011 1.973070e+011 
1.242835e+011 1.984990e+011 
1.225649e+011 1.996756e+011 
1.208368e+011 2.008369e+011 
1.190995e+011 2.019827e+011 
1.173530e+011 2.031130e+011 
1.155975e+011 2.042277e+011 
1.138331e+011 2.053267e+011 
1.120600e+011 2.064100e+011 
1.102784e+011 2.074775e+011 
1.084883e+011 2.085292e+011 
1.066899e+011 2.095649e+011 
1.048834e+011 2.105847e+011 
1.030689e+011 2.115885e+011 
1.012466e+011 2.125761e+011 
9.941663e+010 2.135477e+011 
9.757910e+010 2.145030e+011 
9.573418e+010 2.154421e+011 
9.388201e+010 2.163649e+011 
9.202276e+010 2.172714e+011 
9.015656e+010 2.181615e+011 
8.828357e+010 2.190351e+011 
8.640394e+010 2.198923e+011 
8.451782e+010 2.207329e+011 
8.262535e+010 2.215570e+011 
8.072669e+010 2.223644e+011 
7.882199e+010 2.231552e+011 
7.691139e+010 2.239294e+011 
7.499506e+010 2.246868e+011 
7.307313e+010 2.254275e+011 
7.114576e+010 2.261513e+011 
6.921309e+010 2.268584e+011 
6.727529e+010 2.275486e+011 
6.533250e+010 2.282219e+011 
6.338486e+010 2.288783e+011 
6.143254e+010 2.295178e+011 
5.947568e+010 2.301404e+011 
5.751443e+010 2.307459e+011 
5.554895e+010 2.313345e+011 
5.357937e+010 2.319060e+011 
5.160586e+010 2.324605e+011 
4.962856e+010 2.329979e+011 
4.764762e+010 2.335182e+011 
4.566319e+010 2.340215e+011 
4.367543e+010 2.345076e+011 
4.168447e+010 2.349766e+011 
3.969048e+010 2.354285e+011 
3.769359e+010 2.358632e+011 
3.569397e+010 2.362808e+011 
3.369175e+010 2.366812e+011 
3.168709e+010 2.370645e+011 
2.968014e+010 2.374306e+011 
2.767104e+010 2.377795e+011 
2.565993e+010 2.381112e+011 
2.364698e+010 2.384258e+011 
2.163232e+010 2.387232e+011 
1.961611e+010 2.390034e+011 
1.759849e+010 2.392664e+011 
1.557960e+010 2.395123e+011 
1.355960e+010 2.397409e+011 
1.153863e+010 2.399525e+011 
9.516831e+009 2.401469e+011 
7.494354e+009 2.403241e+011 
5.471343e+009 2.404842e+011 
3.447942e+009 2.406272e+011 
1.424296e+009 2.407530e+011 
-5.994512e+008 2.408618e+011 
-2.623156e+009 2.409535e+011 
-4.646674e+009 2.410281e+011 
-6.669865e+009 2.410857e+011 
-8.692583e+009 2.411263e+011 
-1.071469e+010 2.411498e+011 
-1.273604e+010 2.411563e+011 
-1.475649e+010 2.411459e+011 
-1.677591e+010 2.411185e+011 
-1.879415e+010 2.410742e+011 
-2.081107e+010 2.410131e+011 
-2.282654e+010 2.409350e+011 
-2.484041e+010 2.408401e+011 
-2.685255e+010 2.407284e+011 
-2.886281e+010 2.405999e+011 
-3.087106e+010 2.404546e+011 
-3.287717e+010 2.402926e+011 
-3.488099e+010 2.401139e+011 
-3.688239e+010 2.399186e+011 
-3.888124e+010 2.397066e+011 
-4.087740e+010 2.394781e+011 
-4.287073e+010 2.392330e+011 
-4.486110e+010 2.389713e+011 
-4.684838e+010 2.386933e+011 
-4.883243e+010 2.383987e+011 
-5.081313e+010 2.380878e+011 
-5.279033e+010 2.377605e+011 
-5.476392e+010 2.374170e+011 
-5.673375e+010 2.370571e+011 
-5.869970e+010 2.366810e+011 
-6.066164e+010 2.362888e+011 
-6.261943e+010 2.358804e+011 
-6.457296e+010 2.354560e+011 
-6.652209e+010 2.350155e+011 
-6.846670e+010 2.345590e+011 
-7.040666e+010 2.340866e+011 
-7.234184e+010 2.335983e+011 
-7.427212e+010 2.330942e+011 
-7.619737e+010 2.325743e+011 
-7.811747e+010 2.320387e+011 
-8.003229e+010 2.314874e+011 
-8.194172e+010 2.309205e+011 
-8.384562e+010 2.303381e+011 
-8.574389e+010 2.297401e+011 
-8.763639e+010 2.291268e+011 
-8.952301e+010 2.284980e+011 
-9.140363e+010 2.278539e+011 
-9.327813e+010 2.271945e+011 
-9.514639e+010 2.265200e+011 
-9.700828e+010 2.258303e+011 
-9.886371e+010 2.251256e+011 
-1.007125e+011 2.244058e+011 
-1.025547e+011 2.236711e+011 
-1.043900e+011 2.229215e+011 
-1.062183e+011 2.221571e+011 
-1.080397e+011 2.213780e+011 
-1.098538e+011 2.205841e+011 
-1.116607e+011 2.197757e+011 
-1.134602e+011 2.189528e+011 
-1.152522e+011 2.181153e+011 
-1.170366e+011 2.172635e+011 
-1.188133e+011 2.163973e+011 
-1.205821e+011 2.155169e+011 
-1.223430e+011 2.146223e+011 
-1.240959e+011 2.137136e+011 
-1.258406e+011 2.127909e+011 
-1.275771e+011 2.118542e+011 
-1.293052e+011 2.109036e+011 
-1.310248e+011 2.099393e+011 
-1.327359e+011 2.089612e+011 
-1.344383e+011 2.079694e+011 
-1.361320e+011 2.069641e+011 
-1.378167e+011 2.059453e+011 
-1.394925e+011 2.049131e+011 
-1.411592e+011 2.038675e+011 
-1.428168e+011 2.028087e+011 
-1.444650e+011 2.017367e+011 
-1.461039e+011 2.006517e+011 
-1.477333e+011 1.995536e+011 
-1.493532e+011 1.984426e+011 
-1.509634e+011 1.973188e+011 
-1.525638e+011 1.961822e+011 
-1.541544e+011 1.950330e+011 
-1.557351e+011 1.938712e+011 
-1.573057e+011 1.926968e+011 
-1.588662e+011 1.915101e+011 
-1.604164e+011 1.903111e+011 
-1.619564e+011 1.890998e+011 
-1.634859e+011 1.878764e+011 
-1.650050e+011 1.866409e+011 
-1.665135e+011 1.853935e+011 
-1.680113e+011 1.841342e+011 
-1.694984e+011 1.828631e+011 
-1.709747e+011 1.815804e+011 
-1.724400e+011 1.802860e+011 
-1.738943e+011 1.789801e+011 
-1.753375e+011 1.776628e+011 
-1.767696e+011 1.763342e+011 
-1.781904e+011 1.749944e+011 
-1.795998e+011 1.736434e+011 
-1.809979e+011 1.722814e+011 
-1.823844e+011 1.709084e+011 
-1.837594e+011 1.695247e+011 
-1.851227e+011 1.681301e+011 
-1.864743e+011 1.667249e+011 
-1.878141e+011 1.653091e+011 
-1.891420e+011 1.638829e+011 
-1.904580e+011 1.624464e+011 
-1.917619e+011 1.609995e+011 
-1.930537e+011 1.595425e+011 
-1.943333e+011 1.580754e+011 
-1.956007e+011 1.565984e+011 
-1.968558e+011 1.551115e+011 
-1.980984e+011 1.536149e+011 
-1.993286e+011 1.521085e+011 
-2.005463e+011 1.505926e+011 
-2.017514e+011 1.490673e+011 
-2.029438e+011 1.475326e+011 
-2.041235e+011 1.459886e+011 
-2.052903e+011 1.444355e+011 
-2.064443e+011 1.428733e+011 
-2.075854e+011 1.413022e+011 
-2.087135e+011 1.397223e+011 
-2.098285e+011 1.381336e+011 
-2.109305e+011 1.365362e+011 
-2.120192e+011 1.349304e+011 
-2.130947e+011 1.333161e+011 
-2.141569e+011 1.316935e+011 
-2.152058e+011 1.300627e+011 
-2.162412e+011 1.284237e+011 
-2.172632e+011 1.267768e+011 
-2.182716e+011 1.251220e+011 
-2.192665e+011 1.234594e+011 
-2.202477e+011 1.217891e+011 
-2.212152e+011 1.201112e+011 
-2.221690e+011 1.184259e+011 
-2.231090e+011 1.167333e+011 
-2.240352e+011 1.150333e+011 
-2.249474e+011 1.133263e+011 
-2.258457e+011 1.116122e+011 
-2.267300e+011 1.098912e+011 
-2.276002e+011 1.081634e+011 
-2.284564e+011 1.064289e+011 
-2.292984e+011 1.046878e+011 
-2.301262e+011 1.029402e+011 
-2.309398e+011 1.011863e+011 
-2.317391e+011 9.942609e+010 
-2.325241e+011 9.765975e+010 
-2.332947e+011 9.588738e+010 
-2.340509e+011 9.410909e+010 
-2.347927e+011 9.232498e+010 
-2.355200e+011 9.053518e+010 
-2.362327e+011 8.873979e+010 
-2.369309e+011 8.693894e+010 
-2.376145e+011 8.513272e+010 
-2.382834e+011 8.332125e+010 
-2.389377e+011 8.150465e+010 
-2.395772e+011 7.968304e+010 
-2.402020e+011 7.785651e+010 
-2.408120e+011 7.602519e+010 
-2.414072e+011 7.418920e+010 
-2.419875e+011 7.234864e+010 
-2.425529e+011 7.050363e+010 
-2.431035e+011 6.865429e+010 
-2.436390e+011 6.680072e+010 
-2.441596e+011 6.494305e+010 
-2.446652e+011 6.308139e+010 
-2.451558e+011 6.121585e+010 
-2.456313e+011 5.934655e+010 
-2.460918e+011 5.747361e+010 
-2.465371e+011 5.559714e+010 
-2.469673e+011 5.371725e+010 
-2.473823e+011 5.183407e+010 
-2.477821e+011 4.994771e+010 
-2.481668e+011 4.805828e+010 
-2.485362e+011 4.616591e+010 
-2.488903e+011 4.427070e+010 
-2.492292e+011 4.237277e+010 
-2.495528e+011 4.047225e+010 
-2.498612e+011 3.856924e+010 
-2.501541e+011 3.666387e+010 
-2.504318e+011 3.475625e+010 
-2.506941e+011 3.284650e+010 
-2.509410e+011 3.093474e+010 
-2.511725e+011 2.902108e+010 
-2.513886e+011 2.710564e+010 
-2.515894e+011 2.518854e+010 
-2.517747e+011 2.326989e+010 
-2.519445e+011 2.134982e+010 
-2.520989e+011 1.942844e+010 
-2.522379e+011 1.750587e+010 
-2.523614e+011 1.558222e+010 
-2.524694e+011 1.365762e+010 
-2.525620e+011 1.173218e+010 
-2.526390e+011 9.806027e+009 
-2.527006e+011 7.879268e+009 
-2.527467e+011 5.952027e+009 
-2.527772e+011 4.024420e+009 
-2.527923e+011 2.096566e+009 
-2.527919e+011 1.685840e+008 
-2.527759e+011 -1.759409e+009 
-2.527445e+011 -3.687293e+009 
-2.526975e+011 -5.614952e+009 
-2.526351e+011 -7.542265e+009 
-2.525571e+011 -9.469116e+009 
-2.524636e+011 -1.139539e+010 
-2.523546e+011 -1.332096e+010 
-2.522301e+011 -1.524571e+010 
-2.520902e+011 -1.716952e+010 
-2.519347e+011 -1.909228e+010 
-2.517638e+011 -2.101387e+010 
-2.515774e+011 -2.293417e+010 
-2.513755e+011 -2.485305e+010 
-2.511582e+011 -2.677041e+010 
-2.509254e+011 -2.868613e+010 
-2.506772e+011 -3.060007e+010 
-2.504136e+011 -3.251214e+010 
-2.501345e+011 -3.442220e+010 
-2.498401e+011 -3.633015e+010 
-2.495303e+011 -3.823585e+010 
-2.492051e+011 -4.013920e+010 
-2.488645e+011 -4.204008e+010 
-2.485086e+011 -4.393837e+010 
-2.481374e+011 -4.583395e+010 
-2.477509e+011 -4.772670e+010 
-2.473491e+011 -4.961651e+010 
-2.469320e+011 -5.150325e+010 
-2.464997e+011 -5.338681e+010 
-2.460521e+011 -5.526708e+010 
-2.455894e+011 -5.714393e+010 
-2.451114e+011 -5.901725e+010 
-2.446184e+011 -6.088692e+010 
-2.441101e+011 -6.275282e+010 
-2.435868e+011 -6.461484e+010 
-2.430484e+011 -6.647286e+010 
-2.424949e+011 -6.832676e+010 
-2.419264e+011 -7.017642e+010 
-2.413429e+011 -7.202174e+010 
-2.407445e+011 -7.386259e+010 
-2.401310e+011 -7.569885e+010 
-2.395027e+011 -7.753042e+010 
-2.388595e+011 -7.935716e+010 
-2.382015e+011 -8.117898e+010 
-2.375287e+011 -8.299575e+010 
-2.368410e+011 -8.480735e+010 
-2.361387e+011 -8.661368e+010 
-2.354216e+011 -8.841461e+010 
-2.346898e+011 -9.021003e+010 
-2.339435e+011 -9.199983e+010 
-2.331825e+011 -9.378389e+010 
-2.324070e+011 -9.556209e+010 
-2.316169e+011 -9.733433e+010 
-2.308124e+011 -9.910049e+010 
-2.299935e+011 -1.008604e+011 
-2.291601e+011 -1.026141e+011 
-2.283124e+011 -1.043613e+011 
-2.274504e+011 -1.061020e+011 
-2.265742e+011 -1.078360e+011 
-2.256837e+011 -1.095633e+011 
-2.247791e+011 -1.112837e+011 
-2.238604e+011 -1.129971e+011 
-2.229276e+011 -1.147034e+011 
-2.219808e+011 -1.164025e+011 
-2.210200e+011 -1.180943e+011 
-2.200453e+011 -1.197786e+011 
-2.190567e+011 -1.214554e+011 
-2.180543e+011 -1.231245e+011 
-2.170381e+011 -1.247858e+011 
-2.160083e+011 -1.264393e+011 
-2.149647e+011 -1.280848e+011 
-2.139076e+011 -1.297222e+011 
-2.128370e+011 -1.313513e+011 
-2.117528e+011 -1.329722e+011 
-2.106553e+011 -1.345846e+011 
-2.095444e+011 -1.361885e+011 
-2.084201e+011 -1.377837e+011 
-2.072827e+011 -1.393702e+011 
-2.061320e+011 -1.409478e+011 
-2.049683e+011 -1.425164e+011 
-2.037914e+011 -1.440760e+011 
-2.026016e+011 -1.456264e+011 
-2.013989e+011 -1.471675e+011 
-2.001833e+011 -1.486992e+011 
-1.989549e+011 -1.502214e+011 
-1.977138e+011 -1.517339e+011 
-1.964600e+011 -1.532368e+011 
-1.951936e+011 -1.547299e+011 
-1.939148e+011 -1.562130e+011 
-1.926234e+011 -1.576861e+011 
-1.913197e+011 -1.591491e+011 
-1.900037e+011 -1.606018e+011 
-1.886755e+011 -1.620442e+011 
-1.873351e+011 -1.634762e+011 
-1.859827e+011 -1.648976e+011 
-1.846182e+011 -1.663084e+011 
-1.832418e+011 -1.677084e+011 
-1.818536e+011 -1.690976e+011 
-1.804536e+011 -1.704759e+011 
-1.790419e+011 -1.718431e+011 
-1.776186e+011 -1.731992e+011 
-1.761837e+011 -1.745440e+011 
-1.747375e+011 -1.758775e+011 
-1.732798e+011 -1.771995e+011 
-1.718109e+011 -1.785101e+011 
-1.703308e+011 -1.798089e+011 
-1.688396e+011 -1.810961e+011 
-1.673373e+011 -1.823714e+011 
-1.658241e+011 -1.836348e+011 
-1.643001e+011 -1.848862e+011 
-1.627653e+011 -1.861255e+011 
-1.612198e+011 -1.873526e+011 
-1.596638e+011 -1.885674e+011 
-1.580972e+011 -1.897698e+011 
-1.565203e+011 -1.909598e+011 
-1.549331e+011 -1.921371e+011 
-1.533356e+011 -1.933018e+011 
-1.517281e+011 -1.944537e+011 
-1.501105e+011 -1.955928e+011 
-1.484830e+011 -1.967190e+011 
-1.468456e+011 -1.978321e+011 
-1.451986e+011 -1.989322e+011 
-1.435419e+011 -2.000190e+011 
-1.418756e+011 -2.010926e+011 
-1.402000e+011 -2.021527e+011 
-1.385150e+011 -2.031995e+011 
-1.368207e+011 -2.042326e+011 
-1.351174e+011 -2.052522e+011 
-1.334050e+011 -2.062581e+011 
-1.316837e+011 -2.072501e+011 
-1.299536e+011 -2.082283e+011 
-1.282148e+011 -2.091926e+011 
-1.264673e+011 -2.101428e+011 
-1.247114e+011 -2.110789e+011 
-1.229471e+011 -2.120008e+011 
-1.211745e+011 -2.129084e+011 
-1.193938e+011 -2.138016e+011 
-1.176050e+011 -2.146805e+011 
-1.158082e+011 -2.155448e+011 
-1.140036e+011 -2.163946e+011 
-1.121913e+011 -2.172297e+011 
-1.103714e+011 -2.180500e+011 
-1.085440e+011 -2.188556e+011 
-1.067092e+011 -2.196463e+011 
-1.048672e+011 -2.204220e+011 
-1.030180e+011 -2.211828e+011 
-1.011617e+011 -2.219284e+011 
-9.929861e+010 -2.226589e+011 
-9.742868e+010 -2.233741e+011 
-9.555209e+010 -2.240741e+011 
-9.366894e+010 -2.247587e+011 
-9.177937e+010 -2.254278e+011 
-8.988348e+010 -2.260815e+011 
-8.798141e+010 -2.267196e+011 
-8.607328e+010 -2.273421e+011 
-8.415922e+010 -2.279489e+011 
-8.223933e+010 -2.285400e+011 
-8.031376e+010 -2.291152e+011 
-7.838263e+010 -2.296746e+011 
-7.644607e+010 -2.302181e+011 
-7.450419e+010 -2.307455e+011 
-7.255714e+010 -2.312570e+011 
-7.060504e+010 -2.317523e+011 
-6.864802e+010 -2.322315e+011 
-6.668620e+010 -2.326945e+011 
-6.471973e+010 -2.331413e+011 
-6.274873e+010 -2.335717e+011 
-6.077334e+010 -2.339857e+011 
-5.879368e+010 -2.343834e+011 
-5.680989e+010 -2.347646e+011 
-5.482211e+010 -2.351292e+011 
-5.283046e+010 -2.354774e+011 
-5.083510e+010 -2.358089e+011 
-4.883614e+010 -2.361237e+011 
-4.683373e+010 -2.364219e+011 
-4.482801e+010 -2.367034e+011 
-4.281910e+010 -2.369680e+011 
-4.080716e+010 -2.372159e+011 
-3.879232e+010 -2.374469e+011 
-3.677472e+010 -2.376610e+011 
-3.475450e+010 -2.378581e+011 
-3.273180e+010 -2.380383e+011 
-3.070676e+010 -2.382015e+011 
-2.867953e+010 -2.383477e+011 
-2.665024e+010 -2.384767e+011 
-2.461904e+010 -2.385887e+011 
-2.258607e+010 -2.386835e+011 
-2.055148e+010 -2.387612e+011 
-1.851540e+010 -2.388217e+011 
-1.647800e+010 -2.388650e+011 
-1.443940e+010 -2.388910e+011 
-1.239976e+010 -2.388997e+011 
-1.035922e+010 -2.388912e+011 
-8.317931e+009 -2.388653e+011 
-6.276037e+009 -2.388221e+011 
-4.233688e+009 -2.387616e+011 
-2.191030e+009 -2.386836e+011 
-1.482130e+008 -2.385883e+011 
1.894615e+009 -2.384756e+011 
3.937305e+009 -2.383454e+011 
5.979706e+009 -2.381978e+011 
8.021670e+009 -2.380328e+011 
1.006304e+010 -2.378503e+011 
1.210368e+010 -2.376503e+011 
1.414343e+010 -2.374328e+011 
1.618213e+010 -2.371979e+011 
1.821964e+010 -2.369455e+011 
2.025581e+010 -2.366756e+011 
2.229048e+010 -2.363881e+011 
2.432349e+010 -2.360832e+011 
2.635471e+010 -2.357608e+011 
2.838397e+010 -2.354209e+011 
3.041111e+010 -2.350634e+011 
3.243600e+010 -2.346885e+011 
3.445847e+010 -2.342961e+011 
3.647837e+010 -2.338862e+011 
3.849554e+010 -2.334589e+011 
4.050983e+010 -2.330140e+011 
4.252109e+010 -2.325517e+011 
4.452915e+010 -2.320720e+011 
4.653388e+010 -2.315749e+011 
4.853510e+010 -2.310603e+011 
5.053267e+010 -2.305283e+011 
5.252643e+010 -2.299790e+011 
5.451623e+010 -2.294123e+011 
5.650190e+010 -2.288282e+011 
5.848330e+010 -2.282269e+011 
6.046027e+010 -2.276082e+011 
6.243265e+010 -2.269723e+011 
6.440029e+010 -2.263191e+011 
6.636302e+010 -2.256487e+011 
6.832071e+010 -2.249611e+011 
7.027318e+010 -2.242564e+011 
7.222029e+010 -2.235346e+011 
7.416188e+010 -2.227956e+011 
7.609779e+010 -2.220396e+011 
7.802787e+010 -2.212666e+011 
7.995196e+010 -2.204766e+011 
8.186991e+010 -2.196697e+011 
8.378156e+010 -2.188459e+011 
8.568676e+010 -2.180052e+011 
8.758536e+010 -2.171478e+011 
8.947719e+010 -2.162735e+011 
9.136210e+010 -2.153825e+011 
9.323995e+010 -2.144749e+011 
9.511057e+010 -2.135507e+011 
9.697382e+010 -2.126099e+011 
9.882953e+010 -2.116525e+011 
1.006776e+011 -2.106788e+011 
1.025178e+011 -2.096886e+011 
1.043500e+011 -2.086821e+011 
1.061740e+011 -2.076593e+011 
1.079898e+011 -2.066202e+011 
1.097971e+011 -2.055651e+011 
1.115958e+011 -2.044938e+011 
1.133858e+011 -2.034065e+011 
1.151669e+011 -2.023032e+011 
1.169389e+011 -2.011841e+011 
1.187018e+011 -2.000491e+011 
1.204553e+011 -1.988983e+011 
1.221993e+011 -1.977319e+011 
1.239336e+011 -1.965499e+011 
1.256582e+011 -1.953524e+011 
1.273728e+011 -1.941394e+011 
1.290773e+011 -1.929110e+011 
1.307717e+011 -1.916674e+011 
1.324556e+011 -1.904086e+011 
1.341290e+011 -1.891346e+011 
1.357918e+011 -1.878456e+011 
1.374437e+011 -1.865416e+011 
1.390848e+011 -1.852228e+011 
1.407147e+011 -1.838893e+011 
1.423333e+011 -1.825410e+011 
1.439407e+011 -1.811781e+011 
1.455365e+011 -1.798008e+011 
1.471206e+011 -1.784091e+011 
1.486930e+011 -1.770030e+011 
1.502534e+011 -1.755828e+011 
1.518017e+011 -1.741485e+011 
1.533379e+011 -1.727002e+011 
1.548617e+011 -1.712380e+011 
1.563731e+011 -1.697619e+011 
1.578718e+011 -1.682723e+011 
1.593578e+011 -1.667690e+011 
1.608310e+011 -1.652523e+011 
1.622911e+011 -1.637222e+011 
1.637382e+011 -1.621789e+011 
1.651719e+011 -1.606224e+011 
1.665923e+011 -1.590529e+011 
1.679992e+011 -1.574705e+011 
1.693924e+011 -1.558754e+011 
1.707719e+011 -1.542676e+011 
1.721375e+011 -1.526472e+011 
1.734891e+011 -1.510144e+011 
1.748265e+011 -1.493693e+011 
1.761497e+011 -1.477121e+011 
1.774586e+011 -1.460428e+011 
1.787529e+011 -1.443616e+011 
1.800326e+011 -1.426685e+011 
1.812977e+011 -1.409638e+011 
1.825479e+011 -1.392476e+011 
1.837831e+011 -1.375200e+011 
1.850033e+011 -1.357811e+011 
1.862083e+011 -1.340311e+011 
1.873980e+011 -1.322701e+011 
1.885724e+011 -1.304982e+011 
1.897312e+011 -1.287156e+011 
1.908745e+011 -1.269224e+011 
1.920020e+011 -1.251188e+011 
1.931137e+011 -1.233048e+011 
1.942096e+011 -1.214807e+011 
1.952894e+011 -1.196466e+011 
1.963531e+011 -1.178026e+011 
1.974006e+011 -1.159489e+011 
1.984318e+011 -1.140856e+011 
1.994466e+011 -1.122129e+011 
2.004449e+011 -1.103310e+011 
2.014266e+011 -1.084398e+011 
2.023916e+011 -1.065397e+011 
2.033399e+011 -1.046308e+011 
2.042713e+011 -1.027132e+011 
2.051858e+011 -1.007871e+011 
2.060833e+011 -9.885268e+010 
2.069637e+011 -9.691001e+010 
2.078269e+011 -9.495930e+010 
2.086728e+011 -9.300070e+010 
2.095014e+011 -9.103437e+010 
2.103125e+011 -8.906047e+010 
2.111062e+011 -8.707916e+010 
2.118823e+011 -8.509061e+010 
2.126408e+011 -8.309497e+010 
2.133815e+011 -8.109241e+010 
2.141045e+011 -7.908309e+010 
2.148096e+011 -7.706719e+010 
2.154968e+011 -7.504486e+010 
2.161661e+011 -7.301627e+010 
2.168173e+011 -7.098159e+010 
2.174504e+011 -6.894098e+010 
2.180654e+011 -6.689462e+010 
2.186621e+011 -6.484267e+010 
2.192406e+011 -6.278531e+010 
2.198008e+011 -6.072270e+010 
2.203426e+011 -5.865502e+010 
2.208660e+011 -5.658243e+010 
2.213709e+011 -5.450511e+010 
2.218573e+011 -5.242323e+010 
2.223251e+011 -5.033697e+010 
2.227744e+011 -4.824650e+010 
2.232050e+011 -4.615199e+010 
2.236169e+011 -4.405362e+010 
2.240101e+011 -4.195156e+010 
2.243845e+011 -3.984598e+010 
2.247402e+011 -3.773708e+010 
2.250770e+011 -3.562501e+010 
2.253950e+011 -3.350996e+010 
2.256942e+011 -3.139210e+010 
2.259744e+011 -2.927161e+010 
