731 2
5.791000e+010 0.000000e+000 
5.791000e+010 4.136174e+009 
5.761674e+010 8.251403e+009 
5.703392e+010 1.232516e+010 
5.616661e+010 1.633744e+010 
5.502119e+010 2.026883e+010 
5.360531e+010 2.410058e+010 
5.192777e+010 2.781470e+010 
4.999850e+010 3.139397e+010 
4.782844e+010 3.482206e+010 
4.542949e+010 3.808349e+010 
4.281442e+010 4.116376e+010 
3.999685e+010 4.404933e+010 
3.699109e+010 4.672765e+010 
3.381216e+010 4.918721e+010 
3.047565e+010 5.141754e+010 
2.699771e+010 5.340925e+010 
2.339494e+010 5.515401e+010 
1.968435e+010 5.664460e+010 
1.588331e+010 5.787488e+010 
1.200945e+010 5.883983e+010 
8.080633e+009 5.953554e+010 
4.114896e+009 5.995921e+010 
1.303744e+008 6.010918e+010 
-3.854742e+009 5.998486e+010 
-7.822269e+009 5.958683e+010 
-1.175408e+010 5.891676e+010 
-1.563218e+010 5.797743e+010 
-1.943873e+010 5.677274e+010 
-2.315613e+010 5.530769e+010 
-2.676708e+010 5.358838e+010 
-3.025462e+010 5.162199e+010 
-3.360220e+010 4.941680e+010 
-3.679373e+010 4.698213e+010 
-3.981369e+010 4.432836e+010 
-4.264713e+010 4.146693e+010 
-4.527976e+010 3.841024e+010 
-4.769804e+010 3.517173e+010 
-4.988922e+010 3.176576e+010 
-5.184144e+010 2.820763e+010 
-5.354374e+010 2.451352e+010 
-5.498622e+010 2.070046e+010 
-5.616002e+010 1.678625e+010 
-5.705747e+010 1.278944e+010 
-5.767210e+010 8.729230e+009 
-5.799873e+010 4.625433e+009 
-5.803356e+010 4.983635e+008 
-5.777417e+010 -3.631232e+009 
-5.721963e+010 -7.742278e+009 
-5.637055e+010 -1.181347e+010 
-5.522907e+010 -1.582338e+010 
-5.379896e+010 -1.975060e+010 
-5.208561e+010 -2.357384e+010 
-5.009605e+010 -2.727206e+010 
-4.783897e+010 -3.082465e+010 
-4.532467e+010 -3.421150e+010 
-4.256509e+010 -3.741321e+010 
-3.957374e+010 -4.041121e+010 
-3.636566e+010 -4.318788e+010 
-3.295734e+010 -4.572675e+010 
-2.936664e+010 -4.801258e+010 
-2.561270e+010 -5.003152e+010 
-2.171582e+010 -5.177124e+010 
-1.769731e+010 -5.322101e+010 
-1.357941e+010 -5.437185e+010 
-9.385043e+009 -5.521655e+010 
-5.137744e+009 -5.574981e+010 
-8.614315e+008 -5.596824e+010 
3.419749e+009 -5.587043e+010 
7.681605e+009 -5.545691e+010 
1.190008e+010 -5.473023e+010 
1.605144e+010 -5.369485e+010 
2.011243e+010 -5.235717e+010 
2.406046e+010 -5.072542e+010 
2.787374e+010 -4.880960e+010 
3.153147e+010 -4.662140e+010 
3.501394e+010 -4.417406e+010 
3.830268e+010 -4.148230e+010 
4.138052e+010 -3.856215e+010 
4.423177e+010 -3.543083e+010 
4.684220e+010 -3.210661e+010 
4.919917e+010 -2.860866e+010 
5.129165e+010 -2.495692e+010 
5.311026e+010 -2.117192e+010 
5.464726e+010 -1.727465e+010 
5.589660e+010 -1.328646e+010 
5.685386e+010 -9.228838e+009 
5.751627e+010 -5.123354e+009 
5.788265e+010 -9.915006e+008 
5.795337e+010 3.145417e+009 
5.773033e+010 7.266391e+009 
5.721687e+010 1.135081e+010 
5.641774e+010 1.537856e+010 
5.533900e+010 1.933009e+010 
5.398798e+010 2.318651e+010 
5.237321e+010 2.692966e+010 
5.050432e+010 3.054214e+010 
4.839200e+010 3.400741e+010 
4.604791e+010 3.730980e+010 
4.348461e+010 4.043458e+010 
4.071547e+010 4.336797e+010 
3.775465e+010 4.609718e+010 
3.461697e+010 4.861045e+010 
3.131787e+010 5.089705e+010 
2.787336e+010 5.294733e+010 
2.429991e+010 5.475268e+010 
2.061443e+010 5.630560e+010 
1.683418e+010 5.759969e+010 
1.297674e+010 5.862964e+010 
9.059907e+009 5.939126e+010 
5.101669e+009 5.988145e+010 
1.120140e+009 6.009826e+010 
-2.866501e+009 6.004084e+010 
-6.840062e+009 5.970946e+010 
-1.078240e+010 5.910549e+010 
-1.467546e+010 5.823145e+010 
-1.850138e+010 5.709095e+010 
-2.224246e+010 5.568870e+010 
-2.588133e+010 5.403052e+010 
-2.940092e+010 5.212333e+010 
-3.278456e+010 4.997512e+010 
-3.601604e+010 4.759496e+010 
-3.907965e+010 4.499297e+010 
-4.196030e+010 4.218033e+010 
-4.464350e+010 3.916921e+010 
-4.711552e+010 3.597280e+010 
-4.936338e+010 3.260525e+010 
-5.137498e+010 2.908164e+010 
-5.313912e+010 2.541795e+010 
-5.464562e+010 2.163103e+010 
-5.588535e+010 1.773851e+010 
-5.685033e+010 1.375878e+010 
-5.753378e+010 9.710916e+009 
-5.793020e+010 5.614604e+009 
-5.803543e+010 1.490071e+009 
-5.784673e+010 -2.642009e+009 
-5.736280e+010 -6.760605e+009 
-5.658387e+010 -1.084443e+010 
-5.551173e+010 -1.487207e+010 
-5.414976e+010 -1.882205e+010 
-5.250296e+010 -2.267303e+010 
-5.057800e+010 -2.640389e+010 
-4.838317e+010 -2.999387e+010 
-4.592843e+010 -3.342272e+010 
-4.322534e+010 -3.667084e+010 
-4.028707e+010 -3.971945e+010 
-3.712832e+010 -4.255068e+010 
-3.376526e+010 -4.514777e+010 
-3.021547e+010 -4.749517e+010 
-2.649781e+010 -4.957871e+010 
-2.263234e+010 -5.138568e+010 
-1.864017e+010 -5.290499e+010 
-1.454333e+010 -5.412724e+010 
-1.036464e+010 -5.504481e+010 
-6.127495e+009 -5.565198e+010 
-1.855751e+009 -5.594490e+010 
2.426478e+009 -5.592172e+010 
6.694995e+009 -5.558255e+010 
1.092570e+010 -5.492945e+010 
1.509477e+010 -5.396649e+010 
1.917884e+010 -5.269961e+010 
2.315514e+010 -5.113664e+010 
2.700173e+010 -4.928718e+010 
3.069756e+010 -4.716254e+010 
3.422267e+010 -4.477562e+010 
3.755830e+010 -4.214079e+010 
4.068701e+010 -3.927380e+010 
4.359276e+010 -3.619158e+010 
4.626099e+010 -3.291217e+010 
4.867870e+010 -2.945454e+010 
5.083450e+010 -2.583842e+010 
5.271863e+010 -2.208422e+010 
5.432297e+010 -1.821281e+010 
5.564109e+010 -1.424544e+010 
5.666819e+010 -1.020357e+010 
5.740112e+010 -6.108725e+009 
5.783832e+010 -1.982410e+009 
5.797980e+010 2.154042e+009 
5.782710e+010 6.279563e+009 
5.738322e+010 1.037346e+010 
5.665255e+010 1.441552e+010 
5.564085e+010 1.838607e+010 
5.435513e+010 2.226607e+010 
5.280363e+010 2.603720e+010 
5.099570e+010 2.968188e+010 
4.894177e+010 3.318338e+010 
4.665324e+010 3.652582e+010 
4.414246e+010 3.969424e+010 
4.142258e+010 4.267465e+010 
3.850755e+010 4.545401e+010 
3.541203e+010 4.802030e+010 
3.215129e+010 5.036256e+010 
2.874118e+010 5.247085e+010 
2.519807e+010 5.433631e+010 
2.153873e+010 5.595116e+010 
1.778035e+010 5.730872e+010 
1.394041e+010 5.840339e+010 
1.003665e+010 5.923071e+010 
6.087014e+009 5.978729e+010 
2.109588e+009 6.007090e+010 
-1.877465e+009 6.008038e+010 
-5.855952e+009 5.981573e+010 
-9.807708e+009 5.927804e+010 
-1.371466e+010 5.846952e+010 
-1.755886e+010 5.739351e+010 
-2.132258e+010 5.605443e+010 
-2.498834e+010 5.445783e+010 
-2.853899e+010 5.261035e+010 
-3.195772e+010 5.051970e+010 
-3.522821e+010 4.819469e+010 
-3.833460e+010 4.564519e+010 
-4.126161e+010 4.288211e+010 
-4.399460e+010 3.991738e+010 
-4.651962e+010 3.676396e+010 
-4.882349e+010 3.343575e+010 
-5.089385e+010 2.994764e+010 
-5.271928e+010 2.631541e+010 
-5.428933e+010 2.255569e+010 
-5.559458e+010 1.868596e+010 
-5.662675e+010 1.472445e+010 
-5.737877e+010 1.069009e+010 
-5.784480e+010 6.602443e+009 
-5.802036e+010 2.481645e+009 
-5.790235e+010 -1.651710e+009 
-5.748911e+010 -5.776643e+009 
-5.678051e+010 -9.871898e+009 
-5.577796e+010 -1.391605e+010 
-5.448447e+010 -1.788761e+010 
-5.290467e+010 -2.176517e+010 
-5.104482e+010 -2.552752e+010 
-4.891287e+010 -2.915379e+010 
-4.651837e+010 -3.262358e+010 
-4.387255e+010 -3.591711e+010 
-4.098821e+010 -3.901537e+010 
-3.787971e+010 -4.190027e+010 
-3.456292e+010 -4.455476e+010 
-3.105509e+010 -4.696299e+010 
-2.737484e+010 -4.911046e+010 
-2.354195e+010 -5.098411e+010 
-1.957732e+010 -5.257247e+010 
-1.550281e+010 -5.386574e+010 
-1.134106e+010 -5.485589e+010 
-7.115369e+009 -5.553676e+010 
-2.849506e+009 -5.590408e+010 
1.432457e+009 -5.595555e+010 
5.706326e+009 -5.569082e+010 
9.947963e+009 -5.511153e+010 
1.413347e+010 -5.422129e+010 
1.823937e+010 -5.302562e+010 
2.224275e+010 -5.153192e+010 
2.612147e+010 -4.974941e+010 
2.985428e+010 -4.768901e+010 
3.342097e+010 -4.536325e+010 
3.680252e+010 -4.278619e+010 
3.998118e+010 -3.997325e+010 
4.294058e+010 -3.694110e+010 
4.566584e+010 -3.370752e+010 
4.814361e+010 -3.029126e+010 
5.036213e+010 -2.671189e+010 
5.231126e+010 -2.298963e+010 
5.398253e+010 -1.914525e+010 
5.536909e+010 -1.519991e+010 
5.646578e+010 -1.117499e+010 
5.726907e+010 -7.091998e+009 
5.777702e+010 -2.972437e+009 
5.798929e+010 1.162337e+009 
5.790703e+010 5.291208e+009 
5.753290e+010 9.393409e+009 
5.687097e+010 1.344862e+010 
5.592665e+010 1.743705e+010 
5.470665e+010 2.133954e+010 
5.321891e+010 2.513758e+010 
5.147251e+010 2.881344e+010 
4.947759e+010 3.235019e+010 
4.724532e+010 3.573176e+010 
4.478780e+010 3.894296e+010 
4.211797e+010 4.196956e+010 
3.924959e+010 4.479831e+010 
3.619712e+010 4.741694e+010 
3.297567e+010 4.981422e+010 
2.960094e+010 5.197995e+010 
2.608916e+010 5.390502e+010 
2.245700e+010 5.558136e+010 
1.872154e+010 5.700202e+010 
1.490018e+010 5.816113e+010 
1.101058e+010 5.905393e+010 
7.070658e+009 5.967676e+010 
3.098444e+009 6.002708e+010 
-8.879096e+008 6.010347e+010 
-4.870212e+009 5.990562e+010 
-8.830285e+009 5.943435e+010 
-1.275002e+010 5.869157e+010 
-1.661144e+010 5.768033e+010 
-2.039674e+010 5.640479e+010 
-2.408836e+010 5.487019e+010 
-2.766905e+010 5.308291e+010 
-3.112191e+010 5.105040e+010 
-3.443047e+010 4.878117e+010 
-3.757874e+010 4.628485e+010 
-4.055128e+010 4.357208e+010 
-4.333325e+010 4.065455e+010 
-4.591052e+010 3.754497e+010 
-4.826970e+010 3.425704e+010 
-5.039820e+010 3.080540e+010 
-5.228436e+010 2.720563e+010 
-5.391745e+010 2.347418e+010 
-5.528779e+010 1.962833e+010 
-5.638682e+010 1.568616e+010 
-5.720713e+010 1.166646e+010 
-5.774258e+010 7.588661e+009 
-5.798836e+010 3.472795e+009 
-5.794100e+010 -6.606267e+008 
-5.759852e+010 -4.790683e+009 
-5.696040e+010 -8.896150e+009 
-5.602769e+010 -1.295561e+010 
-5.480301e+010 -1.694755e+010 
-5.329061e+010 -2.085052e+010 
-5.149639e+010 -2.464323e+010 
-4.942790e+010 -2.830468e+010 
-4.709433e+010 -3.181433e+010 
-4.450654e+010 -3.515225e+010 
-4.167696e+010 -3.829920e+010 
-3.861963e+010 -4.123685e+010 
-3.535008e+010 -4.394790e+010 
-3.188527e+010 -4.641621e+010 
-2.824351e+010 -4.862693e+010 
-2.444436e+010 -5.056666e+010 
-2.050848e+010 -5.222356e+010 
-1.645754e+010 -5.358743e+010 
-1.231400e+010 -5.464984e+010 
-8.101061e+009 -5.540420e+010 
-3.842387e+009 -5.584580e+010 
4.379953e+008 -5.597189e+010 
4.715902e+009 -5.578169e+010 
8.967170e+009 -5.527639e+010 
1.316783e+010 -5.445915e+010 
1.729431e+010 -5.333507e+010 
2.132355e+010 -5.191114e+010 
2.523323e+010 -5.019614e+010 
2.900190e+010 -4.820063e+010 
3.260911e+010 -4.593678e+010 
3.603557e+010 -4.341830e+010 
3.926323e+010 -4.066030e+010 
4.227543e+010 -3.767916e+010 
4.505694e+010 -3.449242e+010 
4.759407e+010 -3.111860e+010 
4.987468e+010 -2.757706e+010 
5.188829e+010 -2.388788e+010 
5.362602e+010 -2.007170e+010 
5.508067e+010 -1.614956e+010 
5.624669e+010 -1.214280e+010 
5.712016e+010 -8.072882e+009 
5.769878e+010 -3.961291e+009 
5.798181e+010 1.705940e+008 
5.797008e+010 4.301611e+009 
5.766587e+010 8.410926e+009 
5.707292e+010 1.247812e+010 
5.619631e+010 1.648331e+010 
5.504244e+010 2.040716e+010 
5.361894e+010 2.423105e+010 
5.193460e+010 2.793707e+010 
4.999930e+010 3.150809e+010 
4.782396e+010 3.492784e+010 
4.542044e+010 3.818093e+010 
4.280145e+010 4.125291e+010 
3.998055e+010 4.413027e+010 
3.697201e+010 4.680052e+010 
3.379077e+010 4.925217e+010 
3.045239e+010 5.147477e+010 
2.697294e+010 5.345892e+010 
2.336899e+010 5.519631e+010 
1.965750e+010 5.667970e+010 
1.585578e+010 5.790293e+010 
1.198145e+010 5.886097e+010 
8.052329e+009 5.954988e+010 
4.086436e+009 5.996683e+010 
1.018931e+008 6.011010e+010 
-3.883115e+009 5.997911e+010 
-7.850400e+009 5.957437e+010 
-1.178183e+010 5.889753e+010 
-1.565938e+010 5.795134e+010 
-1.946519e+010 5.673967e+010 
-2.318163e+010 5.526750e+010 
-2.679136e+010 5.354090e+010 
-3.027736e+010 5.156706e+010 
-3.362305e+010 4.935423e+010 
-3.681229e+010 4.691176e+010 
-3.982948e+010 4.425004e+010 
-4.265963e+010 4.138051e+010 
-4.528839e+010 3.831564e+010 
-4.770217e+010 3.506888e+010 
-4.988817e+010 3.165467e+010 
-5.183447e+010 2.808837e+010 
-5.353010e+010 2.438622e+010 
-5.496509e+010 2.056535e+010 
-5.613059e+010 1.664364e+010 
-5.701891e+010 1.263975e+010 
-5.762357e+010 8.572974e+009 
-5.793943e+010 4.463232e+009 
-5.796270e+010 3.309509e+008 
-5.769101e+010 -3.803015e+009 
-5.712350e+010 -7.917479e+009 
-5.626084e+010 -1.199104e+010 
-5.510528e+010 -1.600216e+010 
-5.366069e+010 -1.992936e+010 
-5.193258e+010 -2.375126e+010 
-4.992812e+010 -2.744677e+010 
-4.765614e+010 -3.099522e+010 
-4.512710e+010 -3.437648e+010 
-4.235311e+010 -3.757114e+010 
-3.934784e+010 -4.056064e+010 
-3.612649e+010 -4.332740e+010 
-3.270573e+010 -4.585499e+010 
-2.910357e+010 -4.812826e+010 
-2.533930e+010 -5.013345e+010 
-2.143337e+010 -5.185836e+010 
-1.740722e+010 -5.329240e+010 
-1.328317e+010 -5.442673e+010 
-9.084266e+009 -5.525433e+010 
-4.834088e+009 -5.577007e+010 
-5.566007e+008 -5.597075e+010 
3.724032e+009 -5.585514e+010 
7.983627e+009 -5.542399e+010 
1.219816e+010 -5.468002e+010 
1.634395e+010 -5.362790e+010 
2.039782e+010 -5.227417e+010 
2.433728e+010 -5.062724e+010 
2.814068e+010 -4.869726e+010 
3.178733e+010 -4.649603e+010 
3.525768e+010 -4.403693e+010 
3.853340e+010 -4.133473e+010 
4.159751e+010 -3.840554e+010 
4.443447e+010 -3.526663e+010 
4.703023e+010 -3.193628e+010 
4.937230e+010 -2.843367e+010 
5.144983e+010 -2.477870e+010 
5.325356e+010 -2.099187e+010 
5.477592e+010 -1.709413e+010 
5.601098e+010 -1.310673e+010 
5.695443e+010 -9.051087e+009 
5.760359e+010 -4.948681e+009 
5.795738e+010 -8.208983e+008 
5.801623e+010 3.311062e+009 
5.778209e+010 7.426300e+009 
5.725835e+010 1.150432e+010 
5.644976e+010 1.552510e+010 
5.536239e+010 1.946922e+010 
5.400359e+010 2.331788e+010 
5.238184e+010 2.705300e+010 
5.050676e+010 3.065730e+010 
4.838901e+010 3.411428e+010 
4.604019e+010 3.740837e+010 
4.347282e+010 4.052488e+010 
4.070022e+010 4.345008e+010 
3.773648e+010 4.617122e+010 
3.459638e+010 4.867658e+010 
3.129529e+010 5.095544e+010 
2.784917e+010 5.299815e+010 
2.427444e+010 5.479612e+010 
2.058797e+010 5.634183e+010 
1.680697e+010 5.762886e+010 
1.294897e+010 5.865189e+010 
9.031756e+009 5.940669e+010 
5.073290e+009 5.989015e+010 
1.091669e+009 6.010027e+010 
-2.894932e+009 6.003617e+010 
-6.868322e+009 5.969808e+010 
-1.081035e+010 5.908736e+010 
-1.470294e+010 5.820647e+010 
-1.852820e+010 5.705899e+010 
-2.226841e+010 5.564963e+010 
-2.590615e+010 5.398418e+010 
-2.942431e+010 5.206954e+010 
-3.280617e+010 4.991371e+010 
-3.603547e+010 4.752575e+010 
-3.909644e+010 4.491580e+010 
-4.197393e+010 4.209506e+010 
-4.465341e+010 3.907573e+010 
-4.712108e+010 3.587105e+010 
-4.936391e+010 3.249521e+010 
-5.136976e+010 2.896337e+010 
-5.312738e+010 2.529158e+010 
-5.462657e+010 2.149675e+010 
-5.585816e+010 1.759662e+010 
-5.681417e+010 1.360968e+010 
-5.748781e+010 9.555096e+009 
-5.787361e+010 5.452669e+009 
-5.796742e+010 1.322732e+009 
-5.776655e+010 -2.813928e+009 
-5.726976e+010 -6.936174e+009 
-5.647735e+010 -1.102262e+010 
-5.539119e+010 -1.505173e+010 
-5.401478e+010 -1.900197e+010 
-5.235325e+010 -2.285191e+010 
-5.041338e+010 -2.658035e+010 
-4.820361e+010 -3.016649e+010 
-4.573406e+010 -3.359005e+010 
-4.301646e+010 -3.683143e+010 
-4.006412e+010 -3.987183e+010 
-3.689193e+010 -4.269343e+010 
-3.351623e+010 -4.527951e+010 
-2.995475e+010 -4.761461e+010 
-2.622650e+010 -4.968463e+010 
-2.235169e+010 -5.147699e+010 
-1.835157e+010 -5.298074e+010 
-1.424826e+010 -5.418663e+010 
-1.006468e+010 -5.508720e+010 
-5.824302e+009 -5.567691e+010 
-1.551023e+009 -5.595212e+010 
2.731021e+009 -5.591114e+010 
6.997636e+009 -5.555428e+010 
1.122475e+010 -5.488382e+010 
1.538859e+010 -5.390398e+010 
1.946586e+010 -5.262091e+010 
2.343391e+010 -5.104257e+010 
2.727088e+010 -4.917873e+010 
3.095587e+010 -4.704083e+010 
3.446908e+010 -4.464188e+010 
3.779189e+010 -4.199634e+010 
4.090702e+010 -3.912001e+010 
4.379861e+010 -3.602991e+010 
4.645225e+010 -3.274407e+010 
4.885513e+010 -2.928146e+010 
5.099600e+010 -2.566182e+010 
5.286525e+010 -2.190549e+010 
5.445493e+010 -1.803332e+010 
5.575870e+010 -1.406648e+010 
5.677191e+010 -1.002632e+010 
5.749149e+010 -5.934317e+009 
5.791598e+010 -1.811850e+009 
5.804546e+010 2.319847e+009 
5.788152e+010 6.439816e+009 
5.742719e+010 1.052748e+010 
5.668690e+010 1.456272e+010 
5.566642e+010 1.852598e+010 
5.437274e+010 2.239832e+010 
5.281410e+010 2.616150e+010 
5.099982e+010 2.979806e+010 
4.894030e+010 3.329133e+010 
4.664689e+010 3.662550e+010 
4.413189e+010 3.978568e+010 
4.140840e+010 4.275792e+010 
3.849033e+010 4.552922e+010 
3.539226e+010 4.808760e+010 
3.212941e+010 5.042211e+010 
2.871759e+010 5.252282e+010 
2.517310e+010 5.438088e+010 
2.151268e+010 5.598851e+010 
1.775346e+010 5.733899e+010 
1.391288e+010 5.842674e+010 
1.000867e+010 5.924723e+010 
6.058733e+009 5.979707e+010 
2.081145e+009 6.007399e+010 
-1.905939e+009 6.007679e+010 
-5.884325e+009 5.980544e+010 
-9.835841e+009 5.926100e+010 
-1.374239e+010 5.844564e+010 
-1.758602e+010 5.736267e+010 
-2.134896e+010 5.601649e+010 
-2.501368e+010 5.441263e+010 
-2.856300e+010 5.255771e+010 
-3.198006e+010 5.045945e+010 
-3.524848e+010 4.812665e+010 
-3.835236e+010 4.556919e+010 
-4.127635e+010 4.279799e+010 
-4.400576e+010 3.982504e+010 
-4.652658e+010 3.666331e+010 
-4.882557e+010 3.332679e+010 
-5.089035e+010 2.983039e+010 
-5.270943e+010 2.618998e+010 
-5.427232e+010 2.242227e+010 
-5.556960e+010 1.854482e+010 
-5.659297e+010 1.457597e+010 
-5.733534e+010 1.053474e+010 
-5.779091e+010 6.440817e+009 
-5.795519e+010 2.314428e+009 
-5.782513e+010 -1.823715e+009 
-5.739915e+010 -5.952525e+009 
-5.667716e+010 -1.005064e+010 
-5.566068e+010 -1.409653e+010 
-5.435280e+010 -1.806862e+010 
-5.275829e+010 -2.194542e+010 
-5.088353e+010 -2.570566e+010 
-4.873660e+010 -2.932840e+010 
-4.632724e+010 -3.279321e+010 
-4.366680e+010 -3.608029e+010 
-4.076827e+010 -3.917065e+010 
-3.764617e+010 -4.204620e+010 
-3.431653e+010 -4.468995e+010 
-3.079678e+010 -4.708613e+010 
-2.710568e+010 -4.922032e+010 
-2.326317e+010 -5.107958e+010 
-1.929029e+010 -5.265255e+010 
-1.520898e+010 -5.392960e+010 
-1.104200e+010 -5.490287e+010 
-6.812722e+009 -5.556637e+010 
-2.544963e+009 -5.591600e+010 
1.737177e+009 -5.594967e+010 
6.009503e+009 -5.566722e+010 
1.024790e+010 -5.507049e+010 
1.442852e+010 -5.416326e+010 
1.852794e+010 -5.295124e+010 
2.252337e+010 -5.144200e+010 
2.639276e+010 -4.964490e+010 
3.011499e+010 -4.757100e+010 
3.367001e+010 -4.523296e+010 
3.703893e+010 -4.264491e+010 
4.020417e+010 -3.982236e+010 
4.314954e+010 -3.678202e+010 
4.586032e+010 -3.354171e+010 
4.832332e+010 -3.012017e+010 
5.052694e+010 -2.653697e+010 
5.246120e+010 -2.281229e+010 
5.411777e+010 -1.896686e+010 
5.548994e+010 -1.502176e+010 
5.657267e+010 -1.099831e+010 
5.736251e+010 -6.917909e+009 
5.785764e+010 -2.801970e+009 
5.805777e+010 1.328256e+009 
5.796412e+010 5.451761e+009 
5.757940e+010 9.547888e+009 
5.690769e+010 1.359643e+010 
5.595442e+010 1.757770e+010 
5.472630e+010 2.147262e+010 
5.323125e+010 2.526282e+010 
5.147833e+010 2.893063e+010 
4.947766e+010 3.245920e+010 
4.724036e+010 3.583254e+010 
4.477847e+010 3.903552e+010 
4.210490e+010 4.205398e+010 
3.923334e+010 4.487467e+010 
3.617819e+010 4.748539e+010 
3.295452e+010 4.987492e+010 
2.957797e+010 5.203307e+010 
2.606472e+010 5.395073e+010 
2.243138e+010 5.561983e+010 
1.869499e+010 5.703341e+010 
1.487292e+010 5.818558e+010 
1.098279e+010 5.907154e+010 
7.042493e+009 5.968762e+010 
3.070047e+009 6.003125e+010 
-9.164073e+008 6.010096e+010 
-4.898680e+009 5.989642e+010 
-8.858586e+009 5.941840e+010 
-1.277800e+010 5.866879e+010 
-1.663892e+010 5.765061e+010 
-2.042352e+010 5.636798e+010 
-2.411420e+010 5.482614e+010 
-2.769366e+010 5.303144e+010 
-3.114496e+010 5.099131e+010 
-3.445157e+010 4.871430e+010 
-3.759745e+010 4.621002e+010 
-4.056710e+010 4.348913e+010 
-4.334563e+010 4.056336e+010 
-4.591885e+010 3.744546e+010 
-4.827331e+010 3.414916e+010 
-5.039638e+010 3.068919e+010 
-5.227635e+010 2.708117e+010 
-5.390246e+010 2.334164e+010 
-5.526500e+010 1.948797e+010 
-5.635539e+010 1.553834e+010 
-5.716622e+010 1.151163e+010 
-5.769136e+010 7.427389e+009 
-5.792600e+010 3.305747e+009 
-5.786674e+010 -8.326663e+008 
-5.751163e+010 -4.966823e+009 
-5.686022e+010 -9.075391e+009 
-5.591365e+010 -1.313685e+010 
-5.467465e+010 -1.712960e+010 
-5.314757e+010 -2.103210e+010 
-5.133844e+010 -2.482298e+010 
-4.925495e+010 -2.848120e+010 
-4.690645e+010 -3.198618e+010 
-4.430395e+010 -3.531795e+010 
-4.146006e+010 -3.845730e+010 
-3.838897e+010 -4.138590e+010 
-3.510638e+010 -4.408650e+010 
-3.162943e+010 -4.654301e+010 
-2.797658e+010 -4.874069e+010 
-2.416753e+010 -5.066624e+010 
-2.022309e+010 -5.230794e+010 
-1.616502e+010 -5.365575e+010 
-1.201593e+010 -5.470140e+010 
-7.799044e+009 -5.543846e+010 
-3.538114e+009 -5.586242e+010 
7.428077e+008 -5.597072e+010 
5.019533e+009 -5.576277e+010 
9.267915e+009 -5.523996e+010 
1.346403e+010 -5.440563e+010 
1.758436e+010 -5.326506e+010 
2.160596e+010 -5.182540e+010 
2.550660e+010 -5.009562e+010 
2.926495e+010 -4.808639e+010 
3.286072e+010 -4.581000e+010 
3.627475e+010 -4.328026e+010 
3.948917e+010 -4.051236e+010 
4.248748e+010 -3.752274e+010 
4.525461e+010 -3.432896e+010 
4.777703e+010 -3.094955e+010 
5.004279e+010 -2.740388e+010 
5.204153e+010 -2.371199e+010 
5.376455e+010 -1.989447e+010 
5.520476e+010 -1.597230e+010 
5.635674e+010 -1.196674e+010 
5.721668e+010 -7.899167e+009 
5.778236e+010 -3.790968e+009 
5.805313e+010 3.365785e+008 
5.802987e+010 4.462420e+009 
5.771492e+010 8.565831e+009 
5.711203e+010 1.262651e+010 
5.622631e+010 1.662465e+010 
5.506415e+010 2.054107e+010 
5.363318e+010 2.435720e+010 
5.194216e+010 2.805524e+010 
5.000095e+010 3.161814e+010 
4.782042e+010 3.502970e+010 
4.541238e+010 3.827461e+010 
4.278950e+010 4.133846e+010 
3.996529e+010 4.420778e+010 
3.695395e+010 4.687013e+010 
3.377038e+010 4.931402e+010 
3.043007e+010 5.152903e+010 
2.694905e+010 5.350576e+010 
2.334382e+010 5.523590e+010 
1.963132e+010 5.671219e+010 
1.582881e+010 5.792847e+010 
1.195386e+010 5.887967e+010 
8.024299e+009 5.956183e+010 
4.058102e+009 5.997208e+010 
7.338875e+007 6.010867e+010 
-3.911660e+009 5.997099e+010 
