731 2
-4.495000e+012 0.000000e+000 
-4.495000e+012 -4.686358e+008 
-4.495000e+012 -9.372715e+008 
-4.495000e+012 -1.405907e+009 
-4.495000e+012 -1.874543e+009 
-4.495000e+012 -2.343179e+009 
-4.494999e+012 -2.811814e+009 
-4.494999e+012 -3.280450e+009 
-4.494999e+012 -3.749086e+009 
-4.494998e+012 -4.217721e+009 
-4.494998e+012 -4.686357e+009 
-4.494997e+012 -5.154992e+009 
-4.494997e+012 -5.623628e+009 
-4.494996e+012 -6.092263e+009 
-4.494996e+012 -6.560898e+009 
-4.494995e+012 -7.029534e+009 
-4.494994e+012 -7.498169e+009 
-4.494993e+012 -7.966804e+009 
-4.494992e+012 -8.435439e+009 
-4.494992e+012 -8.904074e+009 
-4.494991e+012 -9.372708e+009 
-4.494990e+012 -9.841343e+009 
-4.494989e+012 -1.030998e+010 
-4.494988e+012 -1.077861e+010 
-4.494986e+012 -1.124725e+010 
-4.494985e+012 -1.171588e+010 
-4.494984e+012 -1.218451e+010 
-4.494983e+012 -1.265315e+010 
-4.494981e+012 -1.312178e+010 
-4.494980e+012 -1.359042e+010 
-4.494979e+012 -1.405905e+010 
-4.494977e+012 -1.452768e+010 
-4.494976e+012 -1.499632e+010 
-4.494974e+012 -1.546495e+010 
-4.494972e+012 -1.593358e+010 
-4.494971e+012 -1.640222e+010 
-4.494969e+012 -1.687085e+010 
-4.494967e+012 -1.733948e+010 
-4.494966e+012 -1.780811e+010 
-4.494964e+012 -1.827674e+010 
-4.494962e+012 -1.874538e+010 
-4.494960e+012 -1.921401e+010 
-4.494958e+012 -1.968264e+010 
-4.494956e+012 -2.015127e+010 
-4.494954e+012 -2.061990e+010 
-4.494951e+012 -2.108853e+010 
-4.494949e+012 -2.155716e+010 
-4.494947e+012 -2.202579e+010 
-4.494945e+012 -2.249442e+010 
-4.494942e+012 -2.296305e+010 
-4.494940e+012 -2.343168e+010 
-4.494937e+012 -2.390031e+010 
-4.494935e+012 -2.436894e+010 
-4.494932e+012 -2.483757e+010 
-4.494930e+012 -2.530620e+010 
-4.494927e+012 -2.577483e+010 
-4.494924e+012 -2.624345e+010 
-4.494922e+012 -2.671208e+010 
-4.494919e+012 -2.718071e+010 
-4.494916e+012 -2.764933e+010 
-4.494913e+012 -2.811796e+010 
-4.494910e+012 -2.858659e+010 
-4.494907e+012 -2.905521e+010 
-4.494904e+012 -2.952384e+010 
-4.494901e+012 -2.999247e+010 
-4.494898e+012 -3.046109e+010 
-4.494895e+012 -3.092972e+010 
-4.494892e+012 -3.139834e+010 
-4.494888e+012 -3.186696e+010 
-4.494885e+012 -3.233559e+010 
-4.494882e+012 -3.280421e+010 
-4.494878e+012 -3.327283e+010 
-4.494875e+012 -3.374146e+010 
-4.494871e+012 -3.421008e+010 
-4.494868e+012 -3.467870e+010 
-4.494864e+012 -3.514732e+010 
-4.494860e+012 -3.561594e+010 
-4.494856e+012 -3.608456e+010 
-4.494853e+012 -3.655318e+010 
-4.494849e+012 -3.702180e+010 
-4.494845e+012 -3.749042e+010 
-4.494841e+012 -3.795904e+010 
-4.494837e+012 -3.842766e+010 
-4.494833e+012 -3.889628e+010 
-4.494829e+012 -3.936490e+010 
-4.494825e+012 -3.983352e+010 
-4.494821e+012 -4.030213e+010 
-4.494817e+012 -4.077075e+010 
-4.494812e+012 -4.123937e+010 
-4.494808e+012 -4.170798e+010 
-4.494804e+012 -4.217660e+010 
-4.494799e+012 -4.264521e+010 
-4.494795e+012 -4.311383e+010 
-4.494790e+012 -4.358244e+010 
-4.494786e+012 -4.405105e+010 
-4.494781e+012 -4.451967e+010 
-4.494776e+012 -4.498828e+010 
-4.494772e+012 -4.545689e+010 
-4.494767e+012 -4.592550e+010 
-4.494762e+012 -4.639411e+010 
-4.494757e+012 -4.686272e+010 
-4.494752e+012 -4.733133e+010 
-4.494747e+012 -4.779994e+010 
-4.494742e+012 -4.826855e+010 
-4.494737e+012 -4.873716e+010 
-4.494732e+012 -4.920577e+010 
-4.494727e+012 -4.967438e+010 
-4.494722e+012 -5.014298e+010 
-4.494717e+012 -5.061159e+010 
-4.494711e+012 -5.108019e+010 
-4.494706e+012 -5.154880e+010 
-4.494701e+012 -5.201740e+010 
-4.494695e+012 -5.248601e+010 
-4.494690e+012 -5.295461e+010 
-4.494684e+012 -5.342321e+010 
-4.494679e+012 -5.389182e+010 
-4.494673e+012 -5.436042e+010 
-4.494667e+012 -5.482902e+010 
-4.494661e+012 -5.529762e+010 
-4.494656e+012 -5.576622e+010 
-4.494650e+012 -5.623482e+010 
-4.494644e+012 -5.670342e+010 
-4.494638e+012 -5.717202e+010 
-4.494632e+012 -5.764061e+010 
-4.494626e+012 -5.810921e+010 
-4.494620e+012 -5.857781e+010 
-4.494614e+012 -5.904640e+010 
-4.494608e+012 -5.951500e+010 
-4.494601e+012 -5.998359e+010 
-4.494595e+012 -6.045218e+010 
-4.494589e+012 -6.092078e+010 
-4.494582e+012 -6.138937e+010 
-4.494576e+012 -6.185796e+010 
-4.494569e+012 -6.232655e+010 
-4.494563e+012 -6.279514e+010 
-4.494556e+012 -6.326373e+010 
-4.494550e+012 -6.373232e+010 
-4.494543e+012 -6.420091e+010 
-4.494536e+012 -6.466950e+010 
-4.494530e+012 -6.513808e+010 
-4.494523e+012 -6.560667e+010 
-4.494516e+012 -6.607525e+010 
-4.494509e+012 -6.654384e+010 
-4.494502e+012 -6.701242e+010 
-4.494495e+012 -6.748100e+010 
-4.494488e+012 -6.794959e+010 
-4.494481e+012 -6.841817e+010 
-4.494474e+012 -6.888675e+010 
-4.494466e+012 -6.935533e+010 
-4.494459e+012 -6.982391e+010 
-4.494452e+012 -7.029249e+010 
-4.494445e+012 -7.076107e+010 
-4.494437e+012 -7.122964e+010 
-4.494430e+012 -7.169822e+010 
-4.494422e+012 -7.216679e+010 
-4.494415e+012 -7.263537e+010 
-4.494407e+012 -7.310394e+010 
-4.494399e+012 -7.357252e+010 
-4.494392e+012 -7.404109e+010 
-4.494384e+012 -7.450966e+010 
-4.494376e+012 -7.497823e+010 
-4.494368e+012 -7.544680e+010 
-4.494360e+012 -7.591537e+010 
-4.494352e+012 -7.638394e+010 
-4.494344e+012 -7.685251e+010 
-4.494336e+012 -7.732107e+010 
-4.494328e+012 -7.778964e+010 
-4.494320e+012 -7.825820e+010 
-4.494312e+012 -7.872677e+010 
-4.494304e+012 -7.919533e+010 
-4.494295e+012 -7.966389e+010 
-4.494287e+012 -8.013245e+010 
-4.494279e+012 -8.060101e+010 
-4.494270e+012 -8.106957e+010 
-4.494262e+012 -8.153813e+010 
-4.494253e+012 -8.200669e+010 
-4.494245e+012 -8.247525e+010 
-4.494236e+012 -8.294380e+010 
-4.494227e+012 -8.341236e+010 
-4.494219e+012 -8.388091e+010 
-4.494210e+012 -8.434947e+010 
-4.494201e+012 -8.481802e+010 
-4.494192e+012 -8.528657e+010 
-4.494183e+012 -8.575512e+010 
-4.494174e+012 -8.622367e+010 
-4.494165e+012 -8.669222e+010 
-4.494156e+012 -8.716077e+010 
-4.494147e+012 -8.762931e+010 
-4.494138e+012 -8.809786e+010 
-4.494129e+012 -8.856641e+010 
-4.494119e+012 -8.903495e+010 
-4.494110e+012 -8.950349e+010 
-4.494101e+012 -8.997203e+010 
-4.494091e+012 -9.044058e+010 
-4.494082e+012 -9.090912e+010 
-4.494072e+012 -9.137765e+010 
-4.494063e+012 -9.184619e+010 
-4.494053e+012 -9.231473e+010 
-4.494043e+012 -9.278327e+010 
-4.494034e+012 -9.325180e+010 
-4.494024e+012 -9.372033e+010 
-4.494014e+012 -9.418887e+010 
-4.494004e+012 -9.465740e+010 
-4.493994e+012 -9.512593e+010 
-4.493984e+012 -9.559446e+010 
-4.493974e+012 -9.606299e+010 
-4.493964e+012 -9.653152e+010 
-4.493954e+012 -9.700004e+010 
-4.493944e+012 -9.746857e+010 
-4.493934e+012 -9.793709e+010 
-4.493924e+012 -9.840562e+010 
-4.493913e+012 -9.887414e+010 
-4.493903e+012 -9.934266e+010 
-4.493893e+012 -9.981118e+010 
-4.493882e+012 -1.002797e+011 
-4.493872e+012 -1.007482e+011 
-4.493861e+012 -1.012167e+011 
-4.493851e+012 -1.016853e+011 
-4.493840e+012 -1.021538e+011 
-4.493829e+012 -1.026223e+011 
-4.493819e+012 -1.030908e+011 
-4.493808e+012 -1.035593e+011 
-4.493797e+012 -1.040278e+011 
-4.493786e+012 -1.044963e+011 
-4.493775e+012 -1.049648e+011 
-4.493764e+012 -1.054333e+011 
-4.493753e+012 -1.059018e+011 
-4.493742e+012 -1.063703e+011 
-4.493731e+012 -1.068389e+011 
-4.493720e+012 -1.073074e+011 
-4.493708e+012 -1.077759e+011 
-4.493697e+012 -1.082444e+011 
-4.493686e+012 -1.087129e+011 
-4.493674e+012 -1.091814e+011 
-4.493663e+012 -1.096498e+011 
-4.493652e+012 -1.101183e+011 
-4.493640e+012 -1.105868e+011 
-4.493628e+012 -1.110553e+011 
-4.493617e+012 -1.115238e+011 
-4.493605e+012 -1.119923e+011 
-4.493593e+012 -1.124608e+011 
-4.493582e+012 -1.129293e+011 
-4.493570e+012 -1.133978e+011 
-4.493558e+012 -1.138663e+011 
-4.493546e+012 -1.143347e+011 
-4.493534e+012 -1.148032e+011 
-4.493522e+012 -1.152717e+011 
-4.493510e+012 -1.157402e+011 
-4.493498e+012 -1.162087e+011 
-4.493486e+012 -1.166771e+011 
-4.493474e+012 -1.171456e+011 
-4.493461e+012 -1.176141e+011 
-4.493449e+012 -1.180826e+011 
-4.493437e+012 -1.185510e+011 
-4.493424e+012 -1.190195e+011 
-4.493412e+012 -1.194880e+011 
-4.493399e+012 -1.199565e+011 
-4.493387e+012 -1.204249e+011 
-4.493374e+012 -1.208934e+011 
-4.493361e+012 -1.213619e+011 
-4.493349e+012 -1.218303e+011 
-4.493336e+012 -1.222988e+011 
-4.493323e+012 -1.227672e+011 
-4.493310e+012 -1.232357e+011 
-4.493297e+012 -1.237042e+011 
-4.493284e+012 -1.241726e+011 
-4.493271e+012 -1.246411e+011 
-4.493258e+012 -1.251095e+011 
-4.493245e+012 -1.255780e+011 
-4.493232e+012 -1.260464e+011 
-4.493219e+012 -1.265149e+011 
-4.493206e+012 -1.269833e+011 
-4.493192e+012 -1.274518e+011 
-4.493179e+012 -1.279202e+011 
-4.493166e+012 -1.283887e+011 
-4.493152e+012 -1.288571e+011 
-4.493139e+012 -1.293256e+011 
-4.493125e+012 -1.297940e+011 
-4.493112e+012 -1.302624e+011 
-4.493098e+012 -1.307309e+011 
-4.493084e+012 -1.311993e+011 
-4.493071e+012 -1.316677e+011 
-4.493057e+012 -1.321362e+011 
-4.493043e+012 -1.326046e+011 
-4.493029e+012 -1.330730e+011 
-4.493015e+012 -1.335415e+011 
-4.493001e+012 -1.340099e+011 
-4.492987e+012 -1.344783e+011 
-4.492973e+012 -1.349467e+011 
-4.492959e+012 -1.354152e+011 
-4.492945e+012 -1.358836e+011 
-4.492931e+012 -1.363520e+011 
-4.492916e+012 -1.368204e+011 
-4.492902e+012 -1.372888e+011 
-4.492888e+012 -1.377573e+011 
-4.492873e+012 -1.382257e+011 
-4.492859e+012 -1.386941e+011 
-4.492844e+012 -1.391625e+011 
-4.492830e+012 -1.396309e+011 
-4.492815e+012 -1.400993e+011 
-4.492800e+012 -1.405677e+011 
-4.492786e+012 -1.410361e+011 
-4.492771e+012 -1.415045e+011 
-4.492756e+012 -1.419729e+011 
-4.492741e+012 -1.424413e+011 
-4.492726e+012 -1.429097e+011 
-4.492711e+012 -1.433781e+011 
-4.492696e+012 -1.438465e+011 
-4.492681e+012 -1.443149e+011 
-4.492666e+012 -1.447833e+011 
-4.492651e+012 -1.452517e+011 
-4.492636e+012 -1.457201e+011 
-4.492621e+012 -1.461885e+011 
-4.492605e+012 -1.466569e+011 
-4.492590e+012 -1.471252e+011 
-4.492575e+012 -1.475936e+011 
-4.492559e+012 -1.480620e+011 
-4.492544e+012 -1.485304e+011 
-4.492528e+012 -1.489988e+011 
-4.492513e+012 -1.494671e+011 
-4.492497e+012 -1.499355e+011 
-4.492481e+012 -1.504039e+011 
-4.492465e+012 -1.508723e+011 
-4.492450e+012 -1.513406e+011 
-4.492434e+012 -1.518090e+011 
-4.492418e+012 -1.522774e+011 
-4.492402e+012 -1.527457e+011 
-4.492386e+012 -1.532141e+011 
-4.492370e+012 -1.536825e+011 
-4.492354e+012 -1.541508e+011 
-4.492338e+012 -1.546192e+011 
-4.492322e+012 -1.550875e+011 
-4.492305e+012 -1.555559e+011 
-4.492289e+012 -1.560242e+011 
-4.492273e+012 -1.564926e+011 
-4.492256e+012 -1.569609e+011 
-4.492240e+012 -1.574293e+011 
-4.492223e+012 -1.578976e+011 
-4.492207e+012 -1.583660e+011 
-4.492190e+012 -1.588343e+011 
-4.492174e+012 -1.593027e+011 
-4.492157e+012 -1.597710e+011 
-4.492140e+012 -1.602393e+011 
-4.492124e+012 -1.607077e+011 
-4.492107e+012 -1.611760e+011 
-4.492090e+012 -1.616443e+011 
-4.492073e+012 -1.621127e+011 
-4.492056e+012 -1.625810e+011 
-4.492039e+012 -1.630493e+011 
-4.492022e+012 -1.635177e+011 
-4.492005e+012 -1.639860e+011 
-4.491988e+012 -1.644543e+011 
-4.491970e+012 -1.649226e+011 
-4.491953e+012 -1.653909e+011 
-4.491936e+012 -1.658593e+011 
-4.491918e+012 -1.663276e+011 
-4.491901e+012 -1.667959e+011 
-4.491884e+012 -1.672642e+011 
-4.491866e+012 -1.677325e+011 
-4.491849e+012 -1.682008e+011 
-4.491831e+012 -1.686691e+011 
-4.491813e+012 -1.691374e+011 
-4.491796e+012 -1.696057e+011 
-4.491778e+012 -1.700740e+011 
-4.491760e+012 -1.705423e+011 
-4.491742e+012 -1.710106e+011 
-4.491724e+012 -1.714789e+011 
-4.491706e+012 -1.719472e+011 
-4.491688e+012 -1.724155e+011 
-4.491670e+012 -1.728838e+011 
-4.491652e+012 -1.733521e+011 
-4.491634e+012 -1.738204e+011 
-4.491616e+012 -1.742886e+011 
-4.491598e+012 -1.747569e+011 
-4.491579e+012 -1.752252e+011 
-4.491561e+012 -1.756935e+011 
-4.491543e+012 -1.761617e+011 
-4.491524e+012 -1.766300e+011 
-4.491506e+012 -1.770983e+011 
-4.491487e+012 -1.775666e+011 
-4.491469e+012 -1.780348e+011 
-4.491450e+012 -1.785031e+011 
-4.491431e+012 -1.789714e+011 
-4.491413e+012 -1.794396e+011 
-4.491394e+012 -1.799079e+011 
-4.491375e+012 -1.803761e+011 
-4.491356e+012 -1.808444e+011 
-4.491337e+012 -1.813126e+011 
-4.491318e+012 -1.817809e+011 
-4.491299e+012 -1.822491e+011 
-4.491280e+012 -1.827174e+011 
-4.491261e+012 -1.831856e+011 
-4.491242e+012 -1.836539e+011 
-4.491223e+012 -1.841221e+011 
-4.491203e+012 -1.845904e+011 
-4.491184e+012 -1.850586e+011 
-4.491165e+012 -1.855268e+011 
-4.491145e+012 -1.859951e+011 
-4.491126e+012 -1.864633e+011 
-4.491106e+012 -1.869315e+011 
-4.491087e+012 -1.873998e+011 
-4.491067e+012 -1.878680e+011 
-4.491047e+012 -1.883362e+011 
-4.491028e+012 -1.888044e+011 
-4.491008e+012 -1.892727e+011 
-4.490988e+012 -1.897409e+011 
-4.490968e+012 -1.902091e+011 
-4.490948e+012 -1.906773e+011 
-4.490928e+012 -1.911455e+011 
-4.490908e+012 -1.916137e+011 
-4.490888e+012 -1.920819e+011 
-4.490868e+012 -1.925501e+011 
-4.490848e+012 -1.930183e+011 
-4.490828e+012 -1.934865e+011 
-4.490808e+012 -1.939547e+011 
-4.490787e+012 -1.944229e+011 
-4.490767e+012 -1.948911e+011 
-4.490747e+012 -1.953593e+011 
-4.490726e+012 -1.958275e+011 
-4.490706e+012 -1.962957e+011 
-4.490685e+012 -1.967639e+011 
-4.490664e+012 -1.972321e+011 
-4.490644e+012 -1.977002e+011 
-4.490623e+012 -1.981684e+011 
-4.490602e+012 -1.986366e+011 
-4.490582e+012 -1.991048e+011 
-4.490561e+012 -1.995730e+011 
-4.490540e+012 -2.000411e+011 
-4.490519e+012 -2.005093e+011 
-4.490498e+012 -2.009775e+011 
-4.490477e+012 -2.014456e+011 
-4.490456e+012 -2.019138e+011 
-4.490435e+012 -2.023819e+011 
-4.490414e+012 -2.028501e+011 
-4.490392e+012 -2.033183e+011 
-4.490371e+012 -2.037864e+011 
-4.490350e+012 -2.042546e+011 
-4.490328e+012 -2.047227e+011 
-4.490307e+012 -2.051909e+011 
-4.490285e+012 -2.056590e+011 
-4.490264e+012 -2.061271e+011 
-4.490242e+012 -2.065953e+011 
-4.490221e+012 -2.070634e+011 
-4.490199e+012 -2.075316e+011 
-4.490177e+012 -2.079997e+011 
-4.490156e+012 -2.084678e+011 
-4.490134e+012 -2.089359e+011 
-4.490112e+012 -2.094041e+011 
-4.490090e+012 -2.098722e+011 
-4.490068e+012 -2.103403e+011 
-4.490046e+012 -2.108084e+011 
-4.490024e+012 -2.112766e+011 
-4.490002e+012 -2.117447e+011 
-4.489980e+012 -2.122128e+011 
-4.489957e+012 -2.126809e+011 
-4.489935e+012 -2.131490e+011 
-4.489913e+012 -2.136171e+011 
-4.489890e+012 -2.140852e+011 
-4.489868e+012 -2.145533e+011 
-4.489846e+012 -2.150214e+011 
-4.489823e+012 -2.154895e+011 
-4.489801e+012 -2.159576e+011 
-4.489778e+012 -2.164257e+011 
-4.489755e+012 -2.168938e+011 
-4.489733e+012 -2.173619e+011 
-4.489710e+012 -2.178300e+011 
-4.489687e+012 -2.182980e+011 
-4.489664e+012 -2.187661e+011 
-4.489641e+012 -2.192342e+011 
-4.489618e+012 -2.197023e+011 
-4.489595e+012 -2.201703e+011 
-4.489572e+012 -2.206384e+011 
-4.489549e+012 -2.211065e+011 
-4.489526e+012 -2.215745e+011 
-4.489503e+012 -2.220426e+011 
-4.489480e+012 -2.225107e+011 
-4.489456e+012 -2.229787e+011 
-4.489433e+012 -2.234468e+011 
-4.489410e+012 -2.239148e+011 
-4.489386e+012 -2.243829e+011 
-4.489363e+012 -2.248509e+011 
-4.489339e+012 -2.253190e+011 
-4.489316e+012 -2.257870e+011 
-4.489292e+012 -2.262551e+011 
-4.489268e+012 -2.267231e+011 
-4.489245e+012 -2.271911e+011 
-4.489221e+012 -2.276592e+011 
-4.489197e+012 -2.281272e+011 
-4.489173e+012 -2.285952e+011 
-4.489149e+012 -2.290632e+011 
-4.489125e+012 -2.295313e+011 
-4.489101e+012 -2.299993e+011 
-4.489077e+012 -2.304673e+011 
-4.489053e+012 -2.309353e+011 
-4.489029e+012 -2.314033e+011 
-4.489005e+012 -2.318713e+011 
-4.488980e+012 -2.323394e+011 
-4.488956e+012 -2.328074e+011 
-4.488932e+012 -2.332754e+011 
-4.488907e+012 -2.337434e+011 
-4.488883e+012 -2.342114e+011 
-4.488858e+012 -2.346794e+011 
-4.488834e+012 -2.351474e+011 
-4.488809e+012 -2.356153e+011 
-4.488784e+012 -2.360833e+011 
-4.488760e+012 -2.365513e+011 
-4.488735e+012 -2.370193e+011 
-4.488710e+012 -2.374873e+011 
-4.488685e+012 -2.379553e+011 
-4.488660e+012 -2.384232e+011 
-4.488635e+012 -2.388912e+011 
-4.488610e+012 -2.393592e+011 
-4.488585e+012 -2.398271e+011 
-4.488560e+012 -2.402951e+011 
-4.488535e+012 -2.407631e+011 
-4.488510e+012 -2.412310e+011 
-4.488485e+012 -2.416990e+011 
-4.488459e+012 -2.421669e+011 
-4.488434e+012 -2.426349e+011 
-4.488409e+012 -2.431028e+011 
-4.488383e+012 -2.435708e+011 
-4.488358e+012 -2.440387e+011 
-4.488332e+012 -2.445067e+011 
-4.488307e+012 -2.449746e+011 
-4.488281e+012 -2.454425e+011 
-4.488255e+012 -2.459105e+011 
-4.488230e+012 -2.463784e+011 
-4.488204e+012 -2.468463e+011 
-4.488178e+012 -2.473143e+011 
-4.488152e+012 -2.477822e+011 
-4.488126e+012 -2.482501e+011 
-4.488100e+012 -2.487180e+011 
-4.488074e+012 -2.491859e+011 
-4.488048e+012 -2.496538e+011 
-4.488022e+012 -2.501217e+011 
-4.487996e+012 -2.505896e+011 
-4.487970e+012 -2.510576e+011 
-4.487943e+012 -2.515255e+011 
-4.487917e+012 -2.519933e+011 
-4.487891e+012 -2.524612e+011 
-4.487864e+012 -2.529291e+011 
-4.487838e+012 -2.533970e+011 
-4.487811e+012 -2.538649e+011 
-4.487785e+012 -2.543328e+011 
-4.487758e+012 -2.548007e+011 
-4.487731e+012 -2.552686e+011 
-4.487705e+012 -2.557364e+011 
-4.487678e+012 -2.562043e+011 
-4.487651e+012 -2.566722e+011 
-4.487624e+012 -2.571400e+011 
-4.487597e+012 -2.576079e+011 
-4.487570e+012 -2.580758e+011 
-4.487543e+012 -2.585436e+011 
-4.487516e+012 -2.590115e+011 
-4.487489e+012 -2.594793e+011 
-4.487462e+012 -2.599472e+011 
-4.487435e+012 -2.604150e+011 
-4.487407e+012 -2.608829e+011 
-4.487380e+012 -2.613507e+011 
-4.487353e+012 -2.618185e+011 
-4.487325e+012 -2.622864e+011 
-4.487298e+012 -2.627542e+011 
-4.487270e+012 -2.632220e+011 
-4.487243e+012 -2.636899e+011 
-4.487215e+012 -2.641577e+011 
-4.487188e+012 -2.646255e+011 
-4.487160e+012 -2.650933e+011 
-4.487132e+012 -2.655612e+011 
-4.487104e+012 -2.660290e+011 
-4.487077e+012 -2.664968e+011 
-4.487049e+012 -2.669646e+011 
-4.487021e+012 -2.674324e+011 
-4.486993e+012 -2.679002e+011 
-4.486965e+012 -2.683680e+011 
-4.486937e+012 -2.688358e+011 
-4.486908e+012 -2.693036e+011 
-4.486880e+012 -2.697714e+011 
-4.486852e+012 -2.702391e+011 
-4.486824e+012 -2.707069e+011 
-4.486795e+012 -2.711747e+011 
-4.486767e+012 -2.716425e+011 
-4.486739e+012 -2.721103e+011 
-4.486710e+012 -2.725780e+011 
-4.486682e+012 -2.730458e+011 
-4.486653e+012 -2.735136e+011 
-4.486624e+012 -2.739813e+011 
-4.486596e+012 -2.744491e+011 
-4.486567e+012 -2.749168e+011 
-4.486538e+012 -2.753846e+011 
-4.486509e+012 -2.758524e+011 
-4.486481e+012 -2.763201e+011 
-4.486452e+012 -2.767878e+011 
-4.486423e+012 -2.772556e+011 
-4.486394e+012 -2.777233e+011 
-4.486365e+012 -2.781911e+011 
-4.486335e+012 -2.786588e+011 
-4.486306e+012 -2.791265e+011 
-4.486277e+012 -2.795942e+011 
-4.486248e+012 -2.800620e+011 
-4.486219e+012 -2.805297e+011 
-4.486189e+012 -2.809974e+011 
-4.486160e+012 -2.814651e+011 
-4.486130e+012 -2.819328e+011 
-4.486101e+012 -2.824005e+011 
-4.486071e+012 -2.828682e+011 
-4.486042e+012 -2.833359e+011 
-4.486012e+012 -2.838036e+011 
-4.485982e+012 -2.842713e+011 
-4.485953e+012 -2.847390e+011 
-4.485923e+012 -2.852067e+011 
-4.485893e+012 -2.856744e+011 
-4.485863e+012 -2.861421e+011 
-4.485833e+012 -2.866098e+011 
-4.485803e+012 -2.870774e+011 
-4.485773e+012 -2.875451e+011 
-4.485743e+012 -2.880128e+011 
-4.485713e+012 -2.884805e+011 
-4.485683e+012 -2.889481e+011 
-4.485652e+012 -2.894158e+011 
-4.485622e+012 -2.898834e+011 
-4.485592e+012 -2.903511e+011 
-4.485561e+012 -2.908188e+011 
-4.485531e+012 -2.912864e+011 
-4.485500e+012 -2.917540e+011 
-4.485470e+012 -2.922217e+011 
-4.485439e+012 -2.926893e+011 
-4.485409e+012 -2.931570e+011 
-4.485378e+012 -2.936246e+011 
-4.485347e+012 -2.940922e+011 
-4.485316e+012 -2.945599e+011 
-4.485286e+012 -2.950275e+011 
-4.485255e+012 -2.954951e+011 
-4.485224e+012 -2.959627e+011 
-4.485193e+012 -2.964303e+011 
-4.485162e+012 -2.968979e+011 
-4.485131e+012 -2.973655e+011 
-4.485100e+012 -2.978331e+011 
-4.485068e+012 -2.983007e+011 
-4.485037e+012 -2.987683e+011 
-4.485006e+012 -2.992359e+011 
-4.484975e+012 -2.997035e+011 
-4.484943e+012 -3.001711e+011 
-4.484912e+012 -3.006387e+011 
-4.484880e+012 -3.011063e+011 
-4.484849e+012 -3.015739e+011 
-4.484817e+012 -3.020414e+011 
-4.484786e+012 -3.025090e+011 
-4.484754e+012 -3.029766e+011 
-4.484722e+012 -3.034441e+011 
-4.484691e+012 -3.039117e+011 
-4.484659e+012 -3.043792e+011 
-4.484627e+012 -3.048468e+011 
-4.484595e+012 -3.053144e+011 
-4.484563e+012 -3.057819e+011 
-4.484531e+012 -3.062494e+011 
-4.484499e+012 -3.067170e+011 
-4.484467e+012 -3.071845e+011 
-4.484435e+012 -3.076521e+011 
-4.484403e+012 -3.081196e+011 
-4.484370e+012 -3.085871e+011 
-4.484338e+012 -3.090546e+011 
-4.484306e+012 -3.095222e+011 
-4.484273e+012 -3.099897e+011 
-4.484241e+012 -3.104572e+011 
-4.484208e+012 -3.109247e+011 
-4.484176e+012 -3.113922e+011 
-4.484143e+012 -3.118597e+011 
-4.484111e+012 -3.123272e+011 
-4.484078e+012 -3.127947e+011 
-4.484045e+012 -3.132622e+011 
-4.484012e+012 -3.137297e+011 
-4.483980e+012 -3.141972e+011 
-4.483947e+012 -3.146647e+011 
-4.483914e+012 -3.151321e+011 
-4.483881e+012 -3.155996e+011 
-4.483848e+012 -3.160671e+011 
-4.483815e+012 -3.165346e+011 
-4.483781e+012 -3.170020e+011 
-4.483748e+012 -3.174695e+011 
-4.483715e+012 -3.179370e+011 
-4.483682e+012 -3.184044e+011 
-4.483648e+012 -3.188719e+011 
-4.483615e+012 -3.193393e+011 
-4.483582e+012 -3.198068e+011 
-4.483548e+012 -3.202742e+011 
-4.483515e+012 -3.207416e+011 
-4.483481e+012 -3.212091e+011 
-4.483448e+012 -3.216765e+011 
-4.483414e+012 -3.221439e+011 
-4.483380e+012 -3.226114e+011 
-4.483346e+012 -3.230788e+011 
-4.483313e+012 -3.235462e+011 
-4.483279e+012 -3.240136e+011 
-4.483245e+012 -3.244810e+011 
-4.483211e+012 -3.249484e+011 
-4.483177e+012 -3.254158e+011 
-4.483143e+012 -3.258832e+011 
-4.483109e+012 -3.263506e+011 
-4.483074e+012 -3.268180e+011 
-4.483040e+012 -3.272854e+011 
-4.483006e+012 -3.277528e+011 
-4.482972e+012 -3.282202e+011 
-4.482937e+012 -3.286875e+011 
-4.482903e+012 -3.291549e+011 
-4.482869e+012 -3.296223e+011 
-4.482834e+012 -3.300897e+011 
-4.482799e+012 -3.305570e+011 
-4.482765e+012 -3.310244e+011 
-4.482730e+012 -3.314917e+011 
-4.482696e+012 -3.319591e+011 
-4.482661e+012 -3.324264e+011 
-4.482626e+012 -3.328938e+011 
-4.482591e+012 -3.333611e+011 
-4.482556e+012 -3.338285e+011 
-4.482521e+012 -3.342958e+011 
-4.482486e+012 -3.347631e+011 
-4.482451e+012 -3.352305e+011 
-4.482416e+012 -3.356978e+011 
-4.482381e+012 -3.361651e+011 
-4.482346e+012 -3.366324e+011 
-4.482311e+012 -3.370997e+011 
-4.482275e+012 -3.375670e+011 
-4.482240e+012 -3.380344e+011 
-4.482205e+012 -3.385017e+011 
-4.482169e+012 -3.389690e+011 
-4.482134e+012 -3.394362e+011 
-4.482098e+012 -3.399035e+011 
-4.482063e+012 -3.403708e+011 
-4.482027e+012 -3.408381e+011 
-4.481991e+012 -3.413054e+011 
-4.481956e+012 -3.417727e+011 
