731 2
0.000000e+000 1.434000e+012 
-8.506302e+008 1.434000e+012 
-1.701260e+009 1.434000e+012 
-2.551889e+009 1.433999e+012 
-3.402518e+009 1.433997e+012 
-4.253145e+009 1.433995e+012 
-5.103771e+009 1.433993e+012 
-5.954395e+009 1.433990e+012 
-6.805018e+009 1.433987e+012 
-7.655638e+009 1.433983e+012 
-8.506255e+009 1.433978e+012 
-9.356869e+009 1.433973e+012 
-1.020748e+010 1.433968e+012 
-1.105809e+010 1.433962e+012 
-1.190869e+010 1.433956e+012 
-1.275929e+010 1.433949e+012 
-1.360989e+010 1.433942e+012 
-1.446048e+010 1.433934e+012 
-1.531107e+010 1.433926e+012 
-1.616165e+010 1.433918e+012 
-1.701222e+010 1.433908e+012 
-1.786279e+010 1.433899e+012 
-1.871336e+010 1.433889e+012 
-1.956392e+010 1.433878e+012 
-2.041447e+010 1.433867e+012 
-2.126501e+010 1.433855e+012 
-2.211555e+010 1.433843e+012 
-2.296608e+010 1.433831e+012 
-2.381660e+010 1.433818e+012 
-2.466712e+010 1.433804e+012 
-2.551762e+010 1.433790e+012 
-2.636812e+010 1.433776e+012 
-2.721861e+010 1.433761e+012 
-2.806909e+010 1.433746e+012 
-2.891956e+010 1.433730e+012 
-2.977002e+010 1.433713e+012 
-3.062047e+010 1.433696e+012 
-3.147091e+010 1.433679e+012 
-3.232134e+010 1.433661e+012 
-3.317175e+010 1.433643e+012 
-3.402216e+010 1.433624e+012 
-3.487256e+010 1.433605e+012 
-3.572294e+010 1.433585e+012 
-3.657331e+010 1.433565e+012 
-3.742367e+010 1.433544e+012 
-3.827402e+010 1.433523e+012 
-3.912435e+010 1.433501e+012 
-3.997468e+010 1.433479e+012 
-4.082498e+010 1.433456e+012 
-4.167528e+010 1.433433e+012 
-4.252556e+010 1.433410e+012 
-4.337582e+010 1.433386e+012 
-4.422607e+010 1.433361e+012 
-4.507631e+010 1.433336e+012 
-4.592653e+010 1.433310e+012 
-4.677674e+010 1.433284e+012 
-4.762693e+010 1.433258e+012 
-4.847710e+010 1.433231e+012 
-4.932726e+010 1.433203e+012 
-5.017740e+010 1.433176e+012 
-5.102752e+010 1.433147e+012 
-5.187763e+010 1.433118e+012 
-5.272772e+010 1.433089e+012 
-5.357779e+010 1.433059e+012 
-5.442785e+010 1.433029e+012 
-5.527788e+010 1.432998e+012 
-5.612790e+010 1.432966e+012 
-5.697790e+010 1.432935e+012 
-5.782788e+010 1.432902e+012 
-5.867784e+010 1.432870e+012 
-5.952778e+010 1.432836e+012 
-6.037770e+010 1.432803e+012 
-6.122760e+010 1.432768e+012 
-6.207748e+010 1.432734e+012 
-6.292733e+010 1.432699e+012 
-6.377717e+010 1.432663e+012 
-6.462699e+010 1.432627e+012 
-6.547678e+010 1.432590e+012 
-6.632655e+010 1.432553e+012 
-6.717630e+010 1.432516e+012 
-6.802603e+010 1.432477e+012 
-6.887573e+010 1.432439e+012 
-6.972542e+010 1.432400e+012 
-7.057507e+010 1.432360e+012 
-7.142471e+010 1.432320e+012 
-7.227432e+010 1.432280e+012 
-7.312390e+010 1.432239e+012 
-7.397346e+010 1.432198e+012 
-7.482300e+010 1.432156e+012 
-7.567251e+010 1.432113e+012 
-7.652200e+010 1.432070e+012 
-7.737146e+010 1.432027e+012 
-7.822089e+010 1.431983e+012 
-7.907030e+010 1.431939e+012 
-7.991968e+010 1.431894e+012 
-8.076903e+010 1.431849e+012 
-8.161836e+010 1.431803e+012 
-8.246766e+010 1.431757e+012 
-8.331693e+010 1.431710e+012 
-8.416618e+010 1.431663e+012 
-8.501539e+010 1.431615e+012 
-8.586458e+010 1.431567e+012 
-8.671374e+010 1.431519e+012 
-8.756287e+010 1.431469e+012 
-8.841197e+010 1.431420e+012 
-8.926104e+010 1.431370e+012 
-9.011008e+010 1.431319e+012 
-9.095909e+010 1.431268e+012 
-9.180807e+010 1.431217e+012 
-9.265702e+010 1.431165e+012 
-9.350593e+010 1.431112e+012 
-9.435482e+010 1.431059e+012 
-9.520367e+010 1.431006e+012 
-9.605250e+010 1.430952e+012 
-9.690129e+010 1.430897e+012 
-9.775004e+010 1.430842e+012 
-9.859877e+010 1.430787e+012 
-9.944746e+010 1.430731e+012 
-1.002961e+011 1.430675e+012 
-1.011447e+011 1.430618e+012 
-1.019933e+011 1.430561e+012 
-1.028419e+011 1.430503e+012 
-1.036904e+011 1.430445e+012 
-1.045389e+011 1.430386e+012 
-1.053873e+011 1.430327e+012 
-1.062358e+011 1.430267e+012 
-1.070841e+011 1.430207e+012 
-1.079325e+011 1.430146e+012 
-1.087808e+011 1.430085e+012 
-1.096291e+011 1.430023e+012 
-1.104773e+011 1.429961e+012 
-1.113255e+011 1.429899e+012 
-1.121737e+011 1.429836e+012 
-1.130218e+011 1.429772e+012 
-1.138699e+011 1.429708e+012 
-1.147179e+011 1.429644e+012 
-1.155659e+011 1.429579e+012 
-1.164139e+011 1.429513e+012 
-1.172618e+011 1.429447e+012 
-1.181097e+011 1.429381e+012 
-1.189576e+011 1.429314e+012 
-1.198054e+011 1.429247e+012 
-1.206531e+011 1.429179e+012 
-1.215009e+011 1.429110e+012 
-1.223486e+011 1.429042e+012 
-1.231962e+011 1.428972e+012 
-1.240438e+011 1.428902e+012 
-1.248914e+011 1.428832e+012 
-1.257389e+011 1.428761e+012 
-1.265864e+011 1.428690e+012 
-1.274338e+011 1.428619e+012 
-1.282812e+011 1.428546e+012 
-1.291286e+011 1.428474e+012 
-1.299759e+011 1.428401e+012 
-1.308232e+011 1.428327e+012 
-1.316704e+011 1.428253e+012 
-1.325176e+011 1.428178e+012 
-1.333647e+011 1.428103e+012 
-1.342118e+011 1.428028e+012 
-1.350588e+011 1.427952e+012 
-1.359058e+011 1.427875e+012 
-1.367528e+011 1.427798e+012 
-1.375997e+011 1.427721e+012 
-1.384465e+011 1.427643e+012 
-1.392933e+011 1.427564e+012 
-1.401401e+011 1.427485e+012 
-1.409868e+011 1.427406e+012 
-1.418335e+011 1.427326e+012 
-1.426801e+011 1.427246e+012 
-1.435267e+011 1.427165e+012 
-1.443732e+011 1.427084e+012 
-1.452197e+011 1.427002e+012 
-1.460661e+011 1.426920e+012 
-1.469125e+011 1.426837e+012 
-1.477589e+011 1.426754e+012 
-1.486051e+011 1.426670e+012 
-1.494514e+011 1.426586e+012 
-1.502976e+011 1.426501e+012 
-1.511437e+011 1.426416e+012 
-1.519898e+011 1.426331e+012 
-1.528358e+011 1.426245e+012 
-1.536818e+011 1.426158e+012 
-1.545277e+011 1.426071e+012 
-1.553736e+011 1.425983e+012 
-1.562194e+011 1.425895e+012 
-1.570652e+011 1.425807e+012 
-1.579109e+011 1.425718e+012 
-1.587566e+011 1.425629e+012 
-1.596022e+011 1.425539e+012 
-1.604477e+011 1.425448e+012 
-1.612933e+011 1.425357e+012 
-1.621387e+011 1.425266e+012 
-1.629841e+011 1.425174e+012 
-1.638294e+011 1.425082e+012 
-1.646747e+011 1.424989e+012 
-1.655200e+011 1.424896e+012 
-1.663651e+011 1.424802e+012 
-1.672103e+011 1.424708e+012 
-1.680553e+011 1.424613e+012 
-1.689003e+011 1.424518e+012 
-1.697453e+011 1.424422e+012 
-1.705902e+011 1.424326e+012 
-1.714350e+011 1.424230e+012 
-1.722798e+011 1.424133e+012 
-1.731245e+011 1.424035e+012 
-1.739692e+011 1.423937e+012 
-1.748138e+011 1.423838e+012 
-1.756583e+011 1.423739e+012 
-1.765028e+011 1.423640e+012 
-1.773472e+011 1.423540e+012 
-1.781916e+011 1.423440e+012 
-1.790359e+011 1.423339e+012 
-1.798802e+011 1.423237e+012 
-1.807244e+011 1.423135e+012 
-1.815685e+011 1.423033e+012 
-1.824125e+011 1.422930e+012 
-1.832565e+011 1.422827e+012 
-1.841005e+011 1.422723e+012 
-1.849444e+011 1.422619e+012 
-1.857882e+011 1.422514e+012 
-1.866320e+011 1.422409e+012 
-1.874756e+011 1.422303e+012 
-1.883193e+011 1.422197e+012 
-1.891628e+011 1.422090e+012 
-1.900064e+011 1.421983e+012 
-1.908498e+011 1.421876e+012 
-1.916932e+011 1.421768e+012 
-1.925365e+011 1.421659e+012 
-1.933797e+011 1.421550e+012 
-1.942229e+011 1.421441e+012 
-1.950660e+011 1.421331e+012 
-1.959091e+011 1.421220e+012 
-1.967521e+011 1.421109e+012 
-1.975950e+011 1.420998e+012 
-1.984378e+011 1.420886e+012 
-1.992806e+011 1.420774e+012 
-2.001234e+011 1.420661e+012 
-2.009660e+011 1.420547e+012 
-2.018086e+011 1.420434e+012 
-2.026511e+011 1.420319e+012 
-2.034936e+011 1.420205e+012 
-2.043360e+011 1.420089e+012 
-2.051783e+011 1.419974e+012 
-2.060205e+011 1.419857e+012 
-2.068627e+011 1.419741e+012 
-2.077048e+011 1.419624e+012 
-2.085468e+011 1.419506e+012 
-2.093888e+011 1.419388e+012 
-2.102307e+011 1.419269e+012 
-2.110725e+011 1.419150e+012 
-2.119143e+011 1.419031e+012 
-2.127560e+011 1.418911e+012 
-2.135976e+011 1.418790e+012 
-2.144391e+011 1.418669e+012 
-2.152806e+011 1.418548e+012 
-2.161220e+011 1.418426e+012 
-2.169633e+011 1.418304e+012 
-2.178046e+011 1.418181e+012 
-2.186457e+011 1.418058e+012 
-2.194868e+011 1.417934e+012 
-2.203279e+011 1.417809e+012 
-2.211688e+011 1.417685e+012 
-2.220097e+011 1.417560e+012 
-2.228505e+011 1.417434e+012 
-2.236913e+011 1.417308e+012 
-2.245319e+011 1.417181e+012 
-2.253725e+011 1.417054e+012 
-2.262130e+011 1.416926e+012 
-2.270534e+011 1.416798e+012 
-2.278938e+011 1.416670e+012 
-2.287341e+011 1.416541e+012 
-2.295743e+011 1.416411e+012 
-2.304144e+011 1.416281e+012 
-2.312545e+011 1.416151e+012 
-2.320944e+011 1.416020e+012 
-2.329343e+011 1.415888e+012 
-2.337741e+011 1.415756e+012 
-2.346139e+011 1.415624e+012 
-2.354535e+011 1.415491e+012 
-2.362931e+011 1.415358e+012 
-2.371326e+011 1.415224e+012 
-2.379720e+011 1.415090e+012 
-2.388114e+011 1.414955e+012 
-2.396506e+011 1.414820e+012 
-2.404898e+011 1.414684e+012 
-2.413289e+011 1.414548e+012 
-2.421679e+011 1.414412e+012 
-2.430069e+011 1.414274e+012 
-2.438457e+011 1.414137e+012 
-2.446845e+011 1.413999e+012 
-2.455232e+011 1.413860e+012 
-2.463618e+011 1.413721e+012 
-2.472003e+011 1.413582e+012 
-2.480388e+011 1.413442e+012 
-2.488771e+011 1.413301e+012 
-2.497154e+011 1.413161e+012 
-2.505536e+011 1.413019e+012 
-2.513917e+011 1.412877e+012 
-2.522297e+011 1.412735e+012 
-2.530677e+011 1.412592e+012 
-2.539055e+011 1.412449e+012 
-2.547433e+011 1.412305e+012 
-2.555810e+011 1.412161e+012 
-2.564186e+011 1.412016e+012 
-2.572561e+011 1.411871e+012 
-2.580935e+011 1.411726e+012 
-2.589309e+011 1.411580e+012 
-2.597681e+011 1.411433e+012 
-2.606053e+011 1.411286e+012 
-2.614424e+011 1.411138e+012 
-2.622794e+011 1.410990e+012 
-2.631163e+011 1.410842e+012 
-2.639531e+011 1.410693e+012 
-2.647898e+011 1.410544e+012 
-2.656265e+011 1.410394e+012 
-2.664630e+011 1.410243e+012 
-2.672995e+011 1.410092e+012 
-2.681358e+011 1.409941e+012 
-2.689721e+011 1.409789e+012 
-2.698083e+011 1.409637e+012 
-2.706444e+011 1.409484e+012 
-2.714804e+011 1.409331e+012 
-2.723163e+011 1.409178e+012 
-2.731522e+011 1.409023e+012 
-2.739879e+011 1.408869e+012 
-2.748235e+011 1.408714e+012 
-2.756591e+011 1.408558e+012 
-2.764946e+011 1.408402e+012 
-2.773299e+011 1.408246e+012 
-2.781652e+011 1.408089e+012 
-2.790004e+011 1.407931e+012 
-2.798355e+011 1.407773e+012 
-2.806705e+011 1.407615e+012 
-2.815054e+011 1.407456e+012 
-2.823402e+011 1.407297e+012 
-2.831749e+011 1.407137e+012 
-2.840095e+011 1.406977e+012 
-2.848440e+011 1.406816e+012 
-2.856784e+011 1.406655e+012 
-2.865128e+011 1.406493e+012 
-2.873470e+011 1.406331e+012 
-2.881811e+011 1.406168e+012 
-2.890152e+011 1.406005e+012 
-2.898491e+011 1.405842e+012 
-2.906830e+011 1.405677e+012 
-2.915167e+011 1.405513e+012 
-2.923504e+011 1.405348e+012 
-2.931839e+011 1.405183e+012 
-2.940174e+011 1.405017e+012 
-2.948507e+011 1.404850e+012 
-2.956840e+011 1.404683e+012 
-2.965171e+011 1.404516e+012 
-2.973502e+011 1.404348e+012 
-2.981832e+011 1.404180e+012 
-2.990160e+011 1.404011e+012 
-2.998488e+011 1.403842e+012 
-3.006814e+011 1.403672e+012 
-3.015140e+011 1.403502e+012 
-3.023465e+011 1.403331e+012 
-3.031788e+011 1.403160e+012 
-3.040111e+011 1.402989e+012 
-3.048432e+011 1.402817e+012 
-3.056753e+011 1.402644e+012 
-3.065072e+011 1.402471e+012 
-3.073391e+011 1.402298e+012 
-3.081708e+011 1.402124e+012 
-3.090024e+011 1.401949e+012 
-3.098340e+011 1.401775e+012 
-3.106654e+011 1.401599e+012 
-3.114967e+011 1.401423e+012 
-3.123280e+011 1.401247e+012 
-3.131591e+011 1.401070e+012 
-3.139901e+011 1.400893e+012 
-3.148210e+011 1.400716e+012 
-3.156518e+011 1.400537e+012 
-3.164825e+011 1.400359e+012 
-3.173131e+011 1.400180e+012 
-3.181436e+011 1.400000e+012 
-3.189740e+011 1.399820e+012 
-3.198042e+011 1.399640e+012 
-3.206344e+011 1.399459e+012 
-3.214645e+011 1.399277e+012 
-3.222944e+011 1.399095e+012 
-3.231242e+011 1.398913e+012 
-3.239540e+011 1.398730e+012 
-3.247836e+011 1.398547e+012 
-3.256131e+011 1.398363e+012 
-3.264425e+011 1.398179e+012 
-3.272718e+011 1.397994e+012 
-3.281010e+011 1.397809e+012 
-3.289301e+011 1.397623e+012 
-3.297591e+011 1.397437e+012 
-3.305879e+011 1.397251e+012 
-3.314167e+011 1.397064e+012 
-3.322453e+011 1.396876e+012 
-3.330738e+011 1.396688e+012 
-3.339023e+011 1.396500e+012 
-3.347306e+011 1.396311e+012 
-3.355587e+011 1.396121e+012 
-3.363868e+011 1.395932e+012 
-3.372148e+011 1.395741e+012 
-3.380426e+011 1.395550e+012 
-3.388704e+011 1.395359e+012 
-3.396980e+011 1.395167e+012 
-3.405255e+011 1.394975e+012 
-3.413529e+011 1.394783e+012 
-3.421802e+011 1.394589e+012 
-3.430074e+011 1.394396e+012 
-3.438344e+011 1.394202e+012 
-3.446614e+011 1.394007e+012 
-3.454882e+011 1.393812e+012 
-3.463149e+011 1.393617e+012 
-3.471415e+011 1.393421e+012 
-3.479680e+011 1.393225e+012 
-3.487943e+011 1.393028e+012 
-3.496206e+011 1.392830e+012 
-3.504467e+011 1.392633e+012 
-3.512727e+011 1.392434e+012 
-3.520986e+011 1.392236e+012 
-3.529244e+011 1.392036e+012 
-3.537500e+011 1.391837e+012 
-3.545756e+011 1.391637e+012 
-3.554010e+011 1.391436e+012 
-3.562263e+011 1.391235e+012 
-3.570515e+011 1.391034e+012 
-3.578765e+011 1.390832e+012 
-3.587015e+011 1.390629e+012 
-3.595263e+011 1.390426e+012 
-3.603510e+011 1.390223e+012 
-3.611756e+011 1.390019e+012 
-3.620000e+011 1.389815e+012 
-3.628244e+011 1.389610e+012 
-3.636486e+011 1.389405e+012 
-3.644727e+011 1.389199e+012 
-3.652967e+011 1.388993e+012 
-3.661205e+011 1.388786e+012 
-3.669442e+011 1.388579e+012 
-3.677678e+011 1.388372e+012 
-3.685913e+011 1.388164e+012 
-3.694147e+011 1.387955e+012 
-3.702379e+011 1.387746e+012 
-3.710610e+011 1.387537e+012 
-3.718840e+011 1.387327e+012 
-3.727069e+011 1.387117e+012 
-3.735296e+011 1.386906e+012 
-3.743522e+011 1.386694e+012 
-3.751747e+011 1.386483e+012 
-3.759971e+011 1.386271e+012 
-3.768193e+011 1.386058e+012 
-3.776414e+011 1.385845e+012 
-3.784634e+011 1.385631e+012 
-3.792853e+011 1.385417e+012 
-3.801070e+011 1.385203e+012 
-3.809286e+011 1.384988e+012 
-3.817501e+011 1.384772e+012 
-3.825715e+011 1.384556e+012 
-3.833927e+011 1.384340e+012 
-3.842138e+011 1.384123e+012 
-3.850347e+011 1.383906e+012 
-3.858556e+011 1.383688e+012 
-3.866763e+011 1.383470e+012 
-3.874969e+011 1.383251e+012 
-3.883173e+011 1.383032e+012 
-3.891376e+011 1.382812e+012 
-3.899578e+011 1.382592e+012 
-3.907779e+011 1.382372e+012 
-3.915978e+011 1.382151e+012 
-3.924176e+011 1.381929e+012 
-3.932373e+011 1.381707e+012 
-3.940568e+011 1.381485e+012 
-3.948762e+011 1.381262e+012 
-3.956955e+011 1.381039e+012 
-3.965146e+011 1.380815e+012 
-3.973336e+011 1.380591e+012 
-3.981525e+011 1.380366e+012 
-3.989712e+011 1.380141e+012 
-3.997898e+011 1.379916e+012 
-4.006083e+011 1.379689e+012 
-4.014267e+011 1.379463e+012 
-4.022449e+011 1.379236e+012 
-4.030629e+011 1.379009e+012 
-4.038809e+011 1.378781e+012 
-4.046987e+011 1.378552e+012 
-4.055163e+011 1.378323e+012 
-4.063339e+011 1.378094e+012 
-4.071513e+011 1.377864e+012 
-4.079685e+011 1.377634e+012 
-4.087857e+011 1.377403e+012 
-4.096026e+011 1.377172e+012 
-4.104195e+011 1.376941e+012 
-4.112362e+011 1.376709e+012 
-4.120528e+011 1.376476e+012 
-4.128692e+011 1.376243e+012 
-4.136855e+011 1.376010e+012 
-4.145017e+011 1.375776e+012 
-4.153177e+011 1.375542e+012 
-4.161336e+011 1.375307e+012 
-4.169493e+011 1.375071e+012 
-4.177649e+011 1.374836e+012 
-4.185804e+011 1.374600e+012 
-4.193957e+011 1.374363e+012 
-4.202109e+011 1.374126e+012 
-4.210259e+011 1.373888e+012 
-4.218409e+011 1.373650e+012 
-4.226556e+011 1.373412e+012 
-4.234702e+011 1.373173e+012 
-4.242847e+011 1.372933e+012 
-4.250991e+011 1.372693e+012 
-4.259133e+011 1.372453e+012 
-4.267273e+011 1.372212e+012 
-4.275412e+011 1.371971e+012 
-4.283550e+011 1.371729e+012 
-4.291686e+011 1.371487e+012 
-4.299821e+011 1.371245e+012 
-4.307955e+011 1.371002e+012 
-4.316086e+011 1.370758e+012 
-4.324217e+011 1.370514e+012 
-4.332346e+011 1.370270e+012 
-4.340474e+011 1.370025e+012 
-4.348600e+011 1.369779e+012 
-4.356725e+011 1.369534e+012 
-4.364848e+011 1.369287e+012 
-4.372970e+011 1.369041e+012 
-4.381090e+011 1.368793e+012 
-4.389209e+011 1.368546e+012 
-4.397326e+011 1.368298e+012 
-4.405442e+011 1.368049e+012 
-4.413557e+011 1.367800e+012 
-4.421670e+011 1.367551e+012 
-4.429781e+011 1.367301e+012 
-4.437892e+011 1.367050e+012 
-4.446000e+011 1.366799e+012 
-4.454107e+011 1.366548e+012 
-4.462213e+011 1.366296e+012 
-4.470317e+011 1.366044e+012 
-4.478420e+011 1.365792e+012 
-4.486521e+011 1.365538e+012 
-4.494620e+011 1.365285e+012 
-4.502719e+011 1.365031e+012 
-4.510815e+011 1.364776e+012 
-4.518910e+011 1.364521e+012 
-4.527004e+011 1.364266e+012 
-4.535096e+011 1.364010e+012 
-4.543187e+011 1.363754e+012 
-4.551276e+011 1.363497e+012 
-4.559363e+011 1.363240e+012 
-4.567449e+011 1.362982e+012 
-4.575534e+011 1.362724e+012 
-4.583617e+011 1.362466e+012 
-4.591698e+011 1.362206e+012 
-4.599778e+011 1.361947e+012 
-4.607857e+011 1.361687e+012 
-4.615934e+011 1.361427e+012 
-4.624009e+011 1.361166e+012 
-4.632083e+011 1.360904e+012 
-4.640155e+011 1.360643e+012 
-4.648226e+011 1.360381e+012 
-4.656295e+011 1.360118e+012 
-4.664362e+011 1.359855e+012 
-4.672428e+011 1.359591e+012 
-4.680493e+011 1.359327e+012 
-4.688556e+011 1.359063e+012 
-4.696617e+011 1.358798e+012 
-4.704677e+011 1.358532e+012 
-4.712735e+011 1.358266e+012 
-4.720792e+011 1.358000e+012 
-4.728847e+011 1.357733e+012 
-4.736900e+011 1.357466e+012 
-4.744952e+011 1.357199e+012 
-4.753003e+011 1.356930e+012 
-4.761051e+011 1.356662e+012 
-4.769098e+011 1.356393e+012 
-4.777144e+011 1.356123e+012 
-4.785188e+011 1.355854e+012 
-4.793230e+011 1.355583e+012 
-4.801271e+011 1.355312e+012 
-4.809310e+011 1.355041e+012 
-4.817348e+011 1.354769e+012 
-4.825384e+011 1.354497e+012 
-4.833418e+011 1.354225e+012 
-4.841451e+011 1.353952e+012 
-4.849482e+011 1.353678e+012 
-4.857512e+011 1.353404e+012 
-4.865540e+011 1.353130e+012 
-4.873566e+011 1.352855e+012 
-4.881590e+011 1.352579e+012 
-4.889614e+011 1.352304e+012 
-4.897635e+011 1.352027e+012 
-4.905655e+011 1.351751e+012 
-4.913673e+011 1.351474e+012 
-4.921689e+011 1.351196e+012 
-4.929704e+011 1.350918e+012 
-4.937717e+011 1.350639e+012 
-4.945729e+011 1.350360e+012 
-4.953739e+011 1.350081e+012 
-4.961747e+011 1.349801e+012 
-4.969754e+011 1.349521e+012 
-4.977759e+011 1.349240e+012 
-4.985762e+011 1.348959e+012 
-4.993764e+011 1.348677e+012 
-5.001764e+011 1.348395e+012 
-5.009762e+011 1.348113e+012 
-5.017759e+011 1.347830e+012 
-5.025754e+011 1.347546e+012 
-5.033747e+011 1.347263e+012 
-5.041738e+011 1.346978e+012 
-5.049728e+011 1.346693e+012 
-5.057717e+011 1.346408e+012 
-5.065703e+011 1.346123e+012 
-5.073688e+011 1.345836e+012 
-5.081671e+011 1.345550e+012 
-5.089653e+011 1.345263e+012 
-5.097633e+011 1.344975e+012 
-5.105611e+011 1.344687e+012 
-5.113587e+011 1.344399e+012 
-5.121562e+011 1.344110e+012 
-5.129535e+011 1.343821e+012 
-5.137506e+011 1.343531e+012 
-5.145476e+011 1.343241e+012 
-5.153444e+011 1.342951e+012 
-5.161410e+011 1.342660e+012 
-5.169374e+011 1.342368e+012 
-5.177337e+011 1.342076e+012 
-5.185298e+011 1.341784e+012 
-5.193257e+011 1.341491e+012 
-5.201215e+011 1.341198e+012 
-5.209170e+011 1.340904e+012 
-5.217125e+011 1.340610e+012 
-5.225077e+011 1.340315e+012 
-5.233027e+011 1.340020e+012 
-5.240976e+011 1.339725e+012 
-5.248923e+011 1.339429e+012 
-5.256869e+011 1.339132e+012 
-5.264812e+011 1.338835e+012 
-5.272754e+011 1.338538e+012 
-5.280694e+011 1.338240e+012 
-5.288633e+011 1.337942e+012 
-5.296569e+011 1.337643e+012 
-5.304504e+011 1.337344e+012 
-5.312437e+011 1.337045e+012 
-5.320368e+011 1.336745e+012 
-5.328298e+011 1.336444e+012 
-5.336226e+011 1.336144e+012 
-5.344152e+011 1.335842e+012 
-5.352076e+011 1.335541e+012 
-5.359998e+011 1.335238e+012 
-5.367919e+011 1.334936e+012 
-5.375838e+011 1.334633e+012 
-5.383755e+011 1.334329e+012 
-5.391670e+011 1.334025e+012 
-5.399584e+011 1.333721e+012 
-5.407495e+011 1.333416e+012 
-5.415405e+011 1.333111e+012 
-5.423313e+011 1.332805e+012 
-5.431219e+011 1.332499e+012 
-5.439124e+011 1.332192e+012 
-5.447027e+011 1.331885e+012 
-5.454927e+011 1.331578e+012 
-5.462826e+011 1.331270e+012 
-5.470724e+011 1.330961e+012 
-5.478619e+011 1.330652e+012 
-5.486513e+011 1.330343e+012 
-5.494404e+011 1.330033e+012 
-5.502294e+011 1.329723e+012 
-5.510182e+011 1.329413e+012 
-5.518069e+011 1.329101e+012 
-5.525953e+011 1.328790e+012 
-5.533836e+011 1.328478e+012 
-5.541716e+011 1.328166e+012 
-5.549595e+011 1.327853e+012 
-5.557472e+011 1.327540e+012 
-5.565347e+011 1.327226e+012 
-5.573221e+011 1.326912e+012 
-5.581092e+011 1.326597e+012 
-5.588962e+011 1.326282e+012 
-5.596830e+011 1.325967e+012 
-5.604696e+011 1.325651e+012 
-5.612560e+011 1.325334e+012 
-5.620422e+011 1.325018e+012 
-5.628282e+011 1.324700e+012 
-5.636141e+011 1.324383e+012 
-5.643997e+011 1.324065e+012 
-5.651852e+011 1.323746e+012 
-5.659705e+011 1.323427e+012 
-5.667556e+011 1.323108e+012 
-5.675405e+011 1.322788e+012 
-5.683252e+011 1.322467e+012 
-5.691097e+011 1.322147e+012 
-5.698941e+011 1.321826e+012 
-5.706782e+011 1.321504e+012 
-5.714622e+011 1.321182e+012 
-5.722460e+011 1.320859e+012 
-5.730296e+011 1.320536e+012 
-5.738129e+011 1.320213e+012 
-5.745961e+011 1.319889e+012 
-5.753792e+011 1.319565e+012 
-5.761620e+011 1.319240e+012 
-5.769446e+011 1.318915e+012 
-5.777270e+011 1.318590e+012 
-5.785093e+011 1.318264e+012 
-5.792913e+011 1.317937e+012 
-5.800732e+011 1.317610e+012 
-5.808549e+011 1.317283e+012 
-5.816363e+011 1.316955e+012 
-5.824176e+011 1.316627e+012 
-5.831987e+011 1.316298e+012 
-5.839796e+011 1.315969e+012 
-5.847603e+011 1.315640e+012 
-5.855408e+011 1.315310e+012 
-5.863211e+011 1.314979e+012 
-5.871012e+011 1.314649e+012 
-5.878811e+011 1.314317e+012 
-5.886609e+011 1.313986e+012 
-5.894404e+011 1.313653e+012 
-5.902197e+011 1.313321e+012 
-5.909989e+011 1.312988e+012 
-5.917778e+011 1.312654e+012 
-5.925566e+011 1.312321e+012 
-5.933351e+011 1.311986e+012 
-5.941135e+011 1.311652e+012 
-5.948916e+011 1.311316e+012 
-5.956696e+011 1.310981e+012 
-5.964473e+011 1.310645e+012 
-5.972249e+011 1.310308e+012 
-5.980023e+011 1.309971e+012 
-5.987794e+011 1.309634e+012 
-5.995564e+011 1.309296e+012 
-6.003332e+011 1.308958e+012 
-6.011097e+011 1.308619e+012 
-6.018861e+011 1.308280e+012 
-6.026623e+011 1.307941e+012 
