731 2
2.279000e+011 0.000000e+000 
2.278905e+011 2.138547e+009 
2.278618e+011 4.276914e+009 
2.278141e+011 6.414924e+009 
2.277474e+011 8.552396e+009 
2.276615e+011 1.068915e+010 
2.275567e+011 1.282501e+010 
2.274327e+011 1.495980e+010 
2.272897e+011 1.709334e+010 
2.271277e+011 1.922544e+010 
2.269467e+011 2.135594e+010 
2.267467e+011 2.348465e+010 
2.265278e+011 2.561140e+010 
2.262899e+011 2.773600e+010 
2.260330e+011 2.985828e+010 
2.257573e+011 3.197807e+010 
2.254627e+011 3.409518e+010 
2.251492e+011 3.620944e+010 
2.248169e+011 3.832068e+010 
2.244659e+011 4.042871e+010 
2.240961e+011 4.253337e+010 
2.237075e+011 4.463448e+010 
2.233003e+011 4.673185e+010 
2.228745e+011 4.882533e+010 
2.224300e+011 5.091474e+010 
2.219670e+011 5.299989e+010 
2.214855e+011 5.508063e+010 
2.209856e+011 5.715677e+010 
2.204672e+011 5.922815e+010 
2.199304e+011 6.129460e+010 
2.193753e+011 6.335594e+010 
2.188020e+011 6.541200e+010 
2.182104e+011 6.746262e+010 
2.176007e+011 6.950763e+010 
2.169729e+011 7.154687e+010 
2.163271e+011 7.358015e+010 
2.156633e+011 7.560732e+010 
2.149816e+011 7.762821e+010 
2.142820e+011 7.964266e+010 
2.135647e+011 8.165050e+010 
2.128296e+011 8.365156e+010 
2.120769e+011 8.564570e+010 
2.113066e+011 8.763274e+010 
2.105189e+011 8.961252e+010 
2.097137e+011 9.158489e+010 
2.088912e+011 9.354968e+010 
2.080514e+011 9.550673e+010 
2.071944e+011 9.745590e+010 
2.063203e+011 9.939701e+010 
2.054292e+011 1.013299e+011 
2.045211e+011 1.032545e+011 
2.035962e+011 1.051705e+011 
2.026545e+011 1.070779e+011 
2.016961e+011 1.089765e+011 
2.007211e+011 1.108661e+011 
1.997296e+011 1.127466e+011 
1.987217e+011 1.146178e+011 
1.976975e+011 1.164796e+011 
1.966571e+011 1.183318e+011 
1.956005e+011 1.201744e+011 
1.945279e+011 1.220071e+011 
1.934394e+011 1.238298e+011 
1.923351e+011 1.256424e+011 
1.912150e+011 1.274447e+011 
1.900793e+011 1.292366e+011 
1.889281e+011 1.310179e+011 
1.877615e+011 1.327886e+011 
1.865796e+011 1.345484e+011 
1.853824e+011 1.362973e+011 
1.841702e+011 1.380351e+011 
1.829431e+011 1.397616e+011 
1.817010e+011 1.414769e+011 
1.804442e+011 1.431806e+011 
1.791728e+011 1.448727e+011 
1.778868e+011 1.465530e+011 
1.765865e+011 1.482215e+011 
1.752718e+011 1.498780e+011 
1.739430e+011 1.515224e+011 
1.726001e+011 1.531546e+011 
1.712434e+011 1.547744e+011 
1.698728e+011 1.563817e+011 
1.684885e+011 1.579764e+011 
1.670907e+011 1.595584e+011 
1.656794e+011 1.611276e+011 
1.642548e+011 1.626838e+011 
1.628171e+011 1.642270e+011 
1.613663e+011 1.657570e+011 
1.599025e+011 1.672738e+011 
1.584260e+011 1.687771e+011 
1.569368e+011 1.702670e+011 
1.554351e+011 1.717433e+011 
1.539210e+011 1.732059e+011 
1.523946e+011 1.746546e+011 
1.508561e+011 1.760895e+011 
1.493056e+011 1.775104e+011 
1.477432e+011 1.789171e+011 
1.461691e+011 1.803097e+011 
1.445834e+011 1.816879e+011 
1.429862e+011 1.830518e+011 
1.413778e+011 1.844012e+011 
1.397581e+011 1.857360e+011 
1.381275e+011 1.870561e+011 
1.364859e+011 1.883615e+011 
1.348336e+011 1.896521e+011 
1.331707e+011 1.909277e+011 
1.314973e+011 1.921884e+011 
1.298136e+011 1.934339e+011 
1.281197e+011 1.946643e+011 
1.264157e+011 1.958794e+011 
1.247019e+011 1.970792e+011 
1.229783e+011 1.982635e+011 
1.212452e+011 1.994324e+011 
1.195025e+011 2.005858e+011 
1.177506e+011 2.017235e+011 
1.159895e+011 2.028455e+011 
1.142194e+011 2.039518e+011 
1.124404e+011 2.050422e+011 
1.106527e+011 2.061167e+011 
1.088564e+011 2.071753e+011 
1.070517e+011 2.082178e+011 
1.052387e+011 2.092443e+011 
1.034177e+011 2.102546e+011 
1.015886e+011 2.112487e+011 
9.975172e+010 2.122265e+011 
9.790716e+010 2.131880e+011 
9.605509e+010 2.141332e+011 
9.419566e+010 2.150619e+011 
9.232900e+010 2.159741e+011 
9.045528e+010 2.168698e+011 
8.857464e+010 2.177490e+011 
8.668725e+010 2.186115e+011 
8.479324e+010 2.194573e+011 
8.289278e+010 2.202864e+011 
8.098602e+010 2.210988e+011 
7.907310e+010 2.218944e+011 
7.715418e+010 2.226732e+011 
7.522942e+010 2.234350e+011 
7.329897e+010 2.241800e+011 
7.136297e+010 2.249081e+011 
6.942159e+010 2.256191e+011 
6.747498e+010 2.263132e+011 
6.552329e+010 2.269902e+011 
6.356667e+010 2.276501e+011 
6.160527e+010 2.282929e+011 
5.963925e+010 2.289187e+011 
5.766877e+010 2.295272e+011 
5.569397e+010 2.301186e+011 
5.371502e+010 2.306929e+011 
5.173205e+010 2.312498e+011 
4.974523e+010 2.317896e+011 
4.775470e+010 2.323121e+011 
4.576063e+010 2.328174e+011 
4.376316e+010 2.333053e+011 
4.176244e+010 2.337760e+011 
3.975863e+010 2.342293e+011 
3.775189e+010 2.346654e+011 
3.574235e+010 2.350841e+011 
3.373018e+010 2.354854e+011 
3.171552e+010 2.358694e+011 
2.969853e+010 2.362361e+011 
2.767936e+010 2.365854e+011 
2.565816e+010 2.369174e+011 
2.363507e+010 2.372319e+011 
2.161026e+010 2.375292e+011 
1.958387e+010 2.378090e+011 
1.755605e+010 2.380715e+011 
1.552695e+010 2.383167e+011 
1.349671e+010 2.385445e+011 
1.146550e+010 2.387550e+011 
9.433455e+009 2.389481e+011 
7.400726e+009 2.391239e+011 
5.367460e+009 2.392824e+011 
3.333806e+009 2.394236e+011 
1.299912e+009 2.395474e+011 
-7.340768e+008 2.396540e+011 
-2.768012e+009 2.397434e+011 
-4.801749e+009 2.398155e+011 
-6.835140e+009 2.398703e+011 
-8.868041e+009 2.399080e+011 
-1.090031e+010 2.399284e+011 
-1.293179e+010 2.399317e+011 
-1.496235e+010 2.399178e+011 
-1.699185e+010 2.398868e+011 
-1.902013e+010 2.398387e+011 
-2.104705e+010 2.397735e+011 
-2.307248e+010 2.396913e+011 
-2.509628e+010 2.395920e+011 
-2.711829e+010 2.394757e+011 
-2.913838e+010 2.393425e+011 
-3.115641e+010 2.391924e+011 
-3.317223e+010 2.390253e+011 
-3.518572e+010 2.388414e+011 
-3.719673e+010 2.386407e+011 
-3.920512e+010 2.384231e+011 
-4.121075e+010 2.381888e+011 
-4.321349e+010 2.379378e+011 
-4.521320e+010 2.376701e+011 
-4.720975e+010 2.373857e+011 
-4.920299e+010 2.370848e+011 
-5.119279e+010 2.367672e+011 
-5.317903e+010 2.364332e+011 
-5.516156e+010 2.360827e+011 
-5.714025e+010 2.357158e+011 
-5.911497e+010 2.353324e+011 
-6.108558e+010 2.349328e+011 
-6.305197e+010 2.345169e+011 
-6.501398e+010 2.340847e+011 
-6.697150e+010 2.336363e+011 
-6.892440e+010 2.331718e+011 
-7.087254e+010 2.326912e+011 
-7.281579e+010 2.321946e+011 
-7.475404e+010 2.316820e+011 
-7.668715e+010 2.311535e+011 
-7.861499e+010 2.306091e+011 
-8.053745e+010 2.300489e+011 
-8.245438e+010 2.294730e+011 
-8.436568e+010 2.288813e+011 
-8.627122e+010 2.282740e+011 
-8.817087e+010 2.276512e+011 
-9.006451e+010 2.270128e+011 
-9.195202e+010 2.263590e+011 
-9.383328e+010 2.256898e+011 
-9.570817e+010 2.250052e+011 
-9.757656e+010 2.243054e+011 
-9.943835e+010 2.235904e+011 
-1.012934e+011 2.228603e+011 
-1.031416e+011 2.221151e+011 
-1.049829e+011 2.213549e+011 
-1.068170e+011 2.205798e+011 
-1.086440e+011 2.197898e+011 
-1.104637e+011 2.189851e+011 
-1.122759e+011 2.181656e+011 
-1.140806e+011 2.173315e+011 
-1.158776e+011 2.164828e+011 
-1.176669e+011 2.156196e+011 
-1.194484e+011 2.147419e+011 
-1.212218e+011 2.138500e+011 
-1.229871e+011 2.129437e+011 
-1.247443e+011 2.120233e+011 
-1.264931e+011 2.110887e+011 
-1.282335e+011 2.101401e+011 
-1.299654e+011 2.091775e+011 
-1.316887e+011 2.082011e+011 
-1.334032e+011 2.072108e+011 
-1.351089e+011 2.062068e+011 
-1.368057e+011 2.051892e+011 
-1.384934e+011 2.041580e+011 
-1.401720e+011 2.031133e+011 
-1.418413e+011 2.020552e+011 
-1.435013e+011 2.009838e+011 
-1.451518e+011 1.998991e+011 
-1.467928e+011 1.988014e+011 
-1.484241e+011 1.976905e+011 
-1.500457e+011 1.965667e+011 
-1.516575e+011 1.954300e+011 
-1.532593e+011 1.942805e+011 
-1.548511e+011 1.931183e+011 
-1.564327e+011 1.919434e+011 
-1.580042e+011 1.907560e+011 
-1.595654e+011 1.895562e+011 
-1.611161e+011 1.883440e+011 
-1.626564e+011 1.871196e+011 
-1.641860e+011 1.858830e+011 
-1.657050e+011 1.846343e+011 
-1.672133e+011 1.833736e+011 
-1.687107e+011 1.821010e+011 
-1.701972e+011 1.808166e+011 
-1.716726e+011 1.795206e+011 
-1.731369e+011 1.782129e+011 
-1.745901e+011 1.768936e+011 
-1.760320e+011 1.755630e+011 
-1.774625e+011 1.742210e+011 
-1.788815e+011 1.728678e+011 
-1.802891e+011 1.715035e+011 
-1.816851e+011 1.701281e+011 
-1.830693e+011 1.687418e+011 
-1.844418e+011 1.673446e+011 
-1.858025e+011 1.659368e+011 
-1.871513e+011 1.645182e+011 
-1.884880e+011 1.630892e+011 
-1.898128e+011 1.616496e+011 
-1.911253e+011 1.601998e+011 
-1.924257e+011 1.587397e+011 
-1.937137e+011 1.572695e+011 
-1.949894e+011 1.557892e+011 
-1.962526e+011 1.542990e+011 
-1.975034e+011 1.527989e+011 
-1.987416e+011 1.512892e+011 
-1.999671e+011 1.497698e+011 
-2.011799e+011 1.482409e+011 
-2.023800e+011 1.467025e+011 
-2.035672e+011 1.451549e+011 
-2.047414e+011 1.435981e+011 
-2.059027e+011 1.420321e+011 
-2.070510e+011 1.404572e+011 
-2.081861e+011 1.388733e+011 
-2.093081e+011 1.372807e+011 
-2.104169e+011 1.356794e+011 
-2.115124e+011 1.340695e+011 
-2.125945e+011 1.324512e+011 
-2.136632e+011 1.308245e+011 
-2.147184e+011 1.291896e+011 
-2.157601e+011 1.275465e+011 
-2.167882e+011 1.258954e+011 
-2.178027e+011 1.242364e+011 
-2.188035e+011 1.225695e+011 
-2.197905e+011 1.208950e+011 
-2.207638e+011 1.192129e+011 
-2.217232e+011 1.175233e+011 
-2.226686e+011 1.158263e+011 
-2.236001e+011 1.141220e+011 
-2.245176e+011 1.124106e+011 
-2.254211e+011 1.106922e+011 
-2.263104e+011 1.089668e+011 
-2.271856e+011 1.072346e+011 
-2.280465e+011 1.054958e+011 
-2.288933e+011 1.037503e+011 
-2.297257e+011 1.019983e+011 
-2.305438e+011 1.002400e+011 
-2.313475e+011 9.847542e+010 
-2.321368e+011 9.670470e+010 
-2.329116e+011 9.492796e+010 
-2.336719e+011 9.314530e+010 
-2.344176e+011 9.135683e+010 
-2.351488e+011 8.956269e+010 
-2.358653e+011 8.776297e+010 
-2.365672e+011 8.595779e+010 
-2.372543e+011 8.414727e+010 
-2.379267e+011 8.233152e+010 
-2.385844e+011 8.051066e+010 
-2.392272e+011 7.868480e+010 
-2.398551e+011 7.685406e+010 
-2.404682e+011 7.501855e+010 
-2.410664e+011 7.317838e+010 
-2.416497e+011 7.133368e+010 
-2.422179e+011 6.948457e+010 
-2.427712e+011 6.763114e+010 
-2.433094e+011 6.577353e+010 
-2.438326e+011 6.391185e+010 
-2.443407e+011 6.204621e+010 
-2.448336e+011 6.017673e+010 
-2.453115e+011 5.830353e+010 
-2.457741e+011 5.642673e+010 
-2.462216e+011 5.454644e+010 
-2.466538e+011 5.266277e+010 
-2.470708e+011 5.077586e+010 
-2.474726e+011 4.888581e+010 
-2.478590e+011 4.699274e+010 
-2.482302e+011 4.509677e+010 
-2.485861e+011 4.319801e+010 
-2.489266e+011 4.129659e+010 
-2.492517e+011 3.939263e+010 
-2.495615e+011 3.748623e+010 
-2.498559e+011 3.557752e+010 
-2.501349e+011 3.366662e+010 
-2.503985e+011 3.175364e+010 
-2.506466e+011 2.983871e+010 
-2.508793e+011 2.792194e+010 
-2.510965e+011 2.600344e+010 
-2.512983e+011 2.408335e+010 
-2.514846e+011 2.216177e+010 
-2.516553e+011 2.023883e+010 
-2.518106e+011 1.831464e+010 
-2.519504e+011 1.638932e+010 
-2.520747e+011 1.446299e+010 
-2.521835e+011 1.253577e+010 
-2.522767e+011 1.060778e+010 
-2.523544e+011 8.679142e+009 
-2.524166e+011 6.749966e+009 
-2.524632e+011 4.820374e+009 
-2.524943e+011 2.890485e+009 
-2.525098e+011 9.604182e+008 
-2.525098e+011 -9.697076e+008 
-2.524943e+011 -2.899774e+009 
-2.524632e+011 -4.829661e+009 
-2.524166e+011 -6.759252e+009 
-2.523544e+011 -8.688426e+009 
-2.522768e+011 -1.061707e+010 
-2.521835e+011 -1.254505e+010 
-2.520748e+011 -1.447226e+010 
-2.519505e+011 -1.639859e+010 
-2.518108e+011 -1.832390e+010 
-2.516555e+011 -2.024809e+010 
-2.514847e+011 -2.217102e+010 
-2.512985e+011 -2.409260e+010 
-2.510967e+011 -2.601268e+010 
-2.508795e+011 -2.793117e+010 
-2.506469e+011 -2.984794e+010 
-2.503988e+011 -3.176286e+010 
-2.501352e+011 -3.367583e+010 
-2.498563e+011 -3.558673e+010 
-2.495619e+011 -3.749543e+010 
-2.492522e+011 -3.940181e+010 
-2.489271e+011 -4.130577e+010 
-2.485866e+011 -4.320718e+010 
-2.482308e+011 -4.510593e+010 
-2.478597e+011 -4.700189e+010 
-2.474733e+011 -4.889496e+010 
-2.470716e+011 -5.078500e+010 
-2.466547e+011 -5.267191e+010 
-2.462225e+011 -5.455556e+010 
-2.457751e+011 -5.643585e+010 
-2.453125e+011 -5.831264e+010 
-2.448348e+011 -6.018584e+010 
-2.443419e+011 -6.205531e+010 
-2.438340e+011 -6.392095e+010 
-2.433109e+011 -6.578263e+010 
-2.427728e+011 -6.764024e+010 
-2.422196e+011 -6.949366e+010 
-2.416515e+011 -7.134278e+010 
-2.410684e+011 -7.318748e+010 
-2.404703e+011 -7.502764e+010 
-2.398573e+011 -7.686316e+010 
-2.392295e+011 -7.869391e+010 
-2.385868e+011 -8.051978e+010 
-2.379294e+011 -8.234065e+010 
-2.372571e+011 -8.415641e+010 
-2.365701e+011 -8.596694e+010 
-2.358685e+011 -8.777213e+010 
-2.351521e+011 -8.957187e+010 
-2.344212e+011 -9.136603e+010 
-2.336756e+011 -9.315451e+010 
-2.329155e+011 -9.493720e+010 
-2.321409e+011 -9.671397e+010 
-2.313519e+011 -9.848472e+010 
-2.305484e+011 -1.002493e+011 
-2.297305e+011 -1.020077e+011 
-2.288984e+011 -1.037597e+011 
-2.280519e+011 -1.055052e+011 
-2.271912e+011 -1.072441e+011 
-2.263163e+011 -1.089764e+011 
-2.254272e+011 -1.107018e+011 
-2.245241e+011 -1.124203e+011 
-2.236069e+011 -1.141317e+011 
-2.226757e+011 -1.158360e+011 
-2.217305e+011 -1.175331e+011 
-2.207715e+011 -1.192228e+011 
-2.197986e+011 -1.209050e+011 
-2.188119e+011 -1.225796e+011 
-2.178115e+011 -1.242466e+011 
-2.167973e+011 -1.259057e+011 
-2.157696e+011 -1.275569e+011 
-2.147283e+011 -1.292001e+011 
-2.136734e+011 -1.308351e+011 
-2.126051e+011 -1.324619e+011 
-2.115235e+011 -1.340804e+011 
-2.104284e+011 -1.356904e+011 
-2.093201e+011 -1.372918e+011 
-2.081986e+011 -1.388846e+011 
-2.070639e+011 -1.404686e+011 
-2.059161e+011 -1.420437e+011 
-2.047553e+011 -1.436098e+011 
-2.035815e+011 -1.451668e+011 
-2.023948e+011 -1.467146e+011 
-2.011953e+011 -1.482531e+011 
-1.999830e+011 -1.497822e+011 
-1.987580e+011 -1.513018e+011 
-1.975203e+011 -1.528118e+011 
-1.962702e+011 -1.543121e+011 
-1.950075e+011 -1.558025e+011 
-1.937324e+011 -1.572830e+011 
-1.924449e+011 -1.587535e+011 
-1.911452e+011 -1.602139e+011 
-1.898333e+011 -1.616640e+011 
-1.885092e+011 -1.631038e+011 
-1.871731e+011 -1.645332e+011 
-1.858250e+011 -1.659520e+011 
-1.844650e+011 -1.673602e+011 
-1.830931e+011 -1.687577e+011 
-1.817095e+011 -1.701443e+011 
-1.803143e+011 -1.715201e+011 
-1.789075e+011 -1.728848e+011 
-1.774891e+011 -1.742383e+011 
-1.760593e+011 -1.755807e+011 
-1.746182e+011 -1.769118e+011 
-1.731658e+011 -1.782314e+011 
-1.717023e+011 -1.795395e+011 
-1.702276e+011 -1.808361e+011 
-1.687420e+011 -1.821209e+011 
-1.672454e+011 -1.833940e+011 
-1.657380e+011 -1.846551e+011 
-1.642198e+011 -1.859043e+011 
-1.626910e+011 -1.871415e+011 
-1.611516e+011 -1.883664e+011 
-1.596018e+011 -1.895792e+011 
-1.580415e+011 -1.907796e+011 
-1.564710e+011 -1.919675e+011 
-1.548902e+011 -1.931430e+011 
-1.532994e+011 -1.943058e+011 
-1.516985e+011 -1.954559e+011 
-1.500877e+011 -1.965933e+011 
-1.484671e+011 -1.977178e+011 
-1.468367e+011 -1.988293e+011 
-1.451967e+011 -1.999278e+011 
-1.435472e+011 -2.010132e+011 
-1.418883e+011 -2.020853e+011 
-1.402200e+011 -2.031442e+011 
-1.385425e+011 -2.041897e+011 
-1.368558e+011 -2.052217e+011 
-1.351601e+011 -2.062402e+011 
-1.334555e+011 -2.072450e+011 
-1.317421e+011 -2.082362e+011 
-1.300199e+011 -2.092135e+011 
-1.282891e+011 -2.101770e+011 
-1.265498e+011 -2.111266e+011 
-1.248022e+011 -2.120621e+011 
-1.230462e+011 -2.129835e+011 
-1.212820e+011 -2.138908e+011 
-1.195097e+011 -2.147838e+011 
-1.177295e+011 -2.156625e+011 
-1.159414e+011 -2.165268e+011 
-1.141456e+011 -2.173766e+011 
-1.123421e+011 -2.182118e+011 
-1.105311e+011 -2.190325e+011 
-1.087127e+011 -2.198384e+011 
-1.068869e+011 -2.206296e+011 
-1.050540e+011 -2.214060e+011 
-1.032141e+011 -2.221674e+011 
-1.013671e+011 -2.229139e+011 
-9.951337e+010 -2.236454e+011 
-9.765289e+010 -2.243617e+011 
-9.578581e+010 -2.250629e+011 
-9.391224e+010 -2.257489e+011 
-9.203231e+010 -2.264195e+011 
-9.014613e+010 -2.270748e+011 
-8.825384e+010 -2.277147e+011 
-8.635554e+010 -2.283391e+011 
-8.445136e+010 -2.289480e+011 
-8.254143e+010 -2.295412e+011 
-8.062587e+010 -2.301188e+011 
-7.870480e+010 -2.306807e+011 
-7.677834e+010 -2.312267e+011 
-7.484663e+010 -2.317570e+011 
-7.290978e+010 -2.322714e+011 
-7.096793e+010 -2.327698e+011 
-6.902121e+010 -2.332522e+011 
-6.706973e+010 -2.337186e+011 
-6.511364e+010 -2.341688e+011 
-6.315305e+010 -2.346029e+011 
-6.118810e+010 -2.350209e+011 
-5.921892e+010 -2.354225e+011 
-5.724564e+010 -2.358079e+011 
-5.526839e+010 -2.361769e+011 
-5.328731e+010 -2.365295e+011 
-5.130252e+010 -2.368657e+011 
-4.931416e+010 -2.371854e+011 
-4.732237e+010 -2.374886e+011 
-4.532728e+010 -2.377753e+011 
-4.332903e+010 -2.380453e+011 
-4.132774e+010 -2.382987e+011 
-3.932356e+010 -2.385354e+011 
-3.731663e+010 -2.387554e+011 
-3.530707e+010 -2.389586e+011 
-3.329504e+010 -2.391450e+011 
-3.128066e+010 -2.393146e+011 
-2.926408e+010 -2.394674e+011 
-2.724544e+010 -2.396032e+011 
-2.522487e+010 -2.397222e+011 
-2.320251e+010 -2.398241e+011 
-2.117852e+010 -2.399092e+011 
-1.915302e+010 -2.399772e+011 
-1.712617e+010 -2.400281e+011 
-1.509809e+010 -2.400620e+011 
-1.306894e+010 -2.400788e+011 
-1.103886e+010 -2.400786e+011 
-9.007998e+009 -2.400611e+011 
-6.976487e+009 -2.400266e+011 
-4.944478e+009 -2.399748e+011 
-2.912115e+009 -2.399059e+011 
-8.795427e+008 -2.398198e+011 
1.153093e+009 -2.397165e+011 
3.185645e+009 -2.395959e+011 
5.217968e+009 -2.394581e+011 
7.249915e+009 -2.393030e+011 
9.281339e+009 -2.391306e+011 
1.131209e+010 -2.389410e+011 
1.334203e+010 -2.387341e+011 
1.537099e+010 -2.385099e+011 
1.739885e+010 -2.382684e+011 
1.942544e+010 -2.380095e+011 
2.145061e+010 -2.377334e+011 
2.347423e+010 -2.374400e+011 
2.549613e+010 -2.371292e+011 
2.751617e+010 -2.368012e+011 
2.953420e+010 -2.364558e+011 
3.155007e+010 -2.360931e+011 
3.356363e+010 -2.357131e+011 
3.557472e+010 -2.353158e+011 
3.758320e+010 -2.349013e+011 
3.958891e+010 -2.344694e+011 
4.159171e+010 -2.340203e+011 
4.359145e+010 -2.335539e+011 
4.558796e+010 -2.330703e+011 
4.758110e+010 -2.325694e+011 
4.957072e+010 -2.320514e+011 
5.155666e+010 -2.315161e+011 
5.353878e+010 -2.309636e+011 
5.551692e+010 -2.303940e+011 
5.749093e+010 -2.298072e+011 
5.946065e+010 -2.292033e+011 
6.142594e+010 -2.285823e+011 
6.338664e+010 -2.279443e+011 
6.534261e+010 -2.272892e+011 
6.729368e+010 -2.266171e+011 
6.923970e+010 -2.259279e+011 
7.118053e+010 -2.252219e+011 
7.311601e+010 -2.244989e+011 
7.504598e+010 -2.237590e+011 
7.697030e+010 -2.230022e+011 
7.888882e+010 -2.222287e+011 
8.080138e+010 -2.214383e+011 
8.270783e+010 -2.206312e+011 
8.460801e+010 -2.198074e+011 
8.650179e+010 -2.189670e+011 
8.838899e+010 -2.181099e+011 
9.026949e+010 -2.172362e+011 
9.214311e+010 -2.163461e+011 
9.400972e+010 -2.154394e+011 
9.586915e+010 -2.145163e+011 
9.772127e+010 -2.135769e+011 
9.956592e+010 -2.126211e+011 
1.014029e+011 -2.116490e+011 
1.032322e+011 -2.106607e+011 
1.050535e+011 -2.096563e+011 
1.068668e+011 -2.086357e+011 
1.086719e+011 -2.075992e+011 
1.104686e+011 -2.065466e+011 
1.122567e+011 -2.054781e+011 
1.140362e+011 -2.043938e+011 
1.158070e+011 -2.032936e+011 
1.175687e+011 -2.021778e+011 
1.193213e+011 -2.010463e+011 
1.210647e+011 -1.998992e+011 
1.227987e+011 -1.987366e+011 
1.245232e+011 -1.975586e+011 
1.262380e+011 -1.963652e+011 
1.279429e+011 -1.951565e+011 
1.296379e+011 -1.939326e+011 
1.313228e+011 -1.926936e+011 
1.329974e+011 -1.914395e+011 
1.346616e+011 -1.901705e+011 
1.363153e+011 -1.888865e+011 
1.379582e+011 -1.875878e+011 
1.395904e+011 -1.862743e+011 
1.412116e+011 -1.849462e+011 
1.428217e+011 -1.836036e+011 
1.444206e+011 -1.822466e+011 
1.460080e+011 -1.808751e+011 
1.475840e+011 -1.794894e+011 
1.491483e+011 -1.780896e+011 
1.507008e+011 -1.766756e+011 
1.522415e+011 -1.752477e+011 
1.537700e+011 -1.738060e+011 
1.552864e+011 -1.723504e+011 
1.567904e+011 -1.708812e+011 
1.582820e+011 -1.693984e+011 
1.597611e+011 -1.679021e+011 
1.612274e+011 -1.663925e+011 
1.626808e+011 -1.648696e+011 
1.641213e+011 -1.633336e+011 
1.655487e+011 -1.617845e+011 
1.669629e+011 -1.602226e+011 
1.683637e+011 -1.586478e+011 
1.697511e+011 -1.570603e+011 
1.711249e+011 -1.554603e+011 
1.724849e+011 -1.538477e+011 
1.738311e+011 -1.522229e+011 
1.751634e+011 -1.505858e+011 
1.764816e+011 -1.489366e+011 
1.777855e+011 -1.472755e+011 
1.790752e+011 -1.456025e+011 
1.803505e+011 -1.439177e+011 
1.816112e+011 -1.422214e+011 
1.828572e+011 -1.405135e+011 
1.840885e+011 -1.387943e+011 
1.853049e+011 -1.370639e+011 
1.865063e+011 -1.353224e+011 
1.876926e+011 -1.335700e+011 
1.888636e+011 -1.318067e+011 
1.900194e+011 -1.300328e+011 
1.911598e+011 -1.282483e+011 
1.922846e+011 -1.264533e+011 
1.933938e+011 -1.246481e+011 
1.944873e+011 -1.228328e+011 
1.955649e+011 -1.210075e+011 
1.966266e+011 -1.191723e+011 
1.976723e+011 -1.173274e+011 
1.987019e+011 -1.154729e+011 
1.997152e+011 -1.136090e+011 
2.007123e+011 -1.117358e+011 
2.016929e+011 -1.098535e+011 
2.026571e+011 -1.079622e+011 
2.036046e+011 -1.060621e+011 
2.045355e+011 -1.041533e+011 
2.054496e+011 -1.022359e+011 
2.063469e+011 -1.003102e+011 
2.072273e+011 -9.837623e+010 
2.080906e+011 -9.643420e+010 
2.089369e+011 -9.448425e+010 
2.097660e+011 -9.252654e+010 
2.105779e+011 -9.056122e+010 
2.113724e+011 -8.858846e+010 
2.121495e+011 -8.660840e+010 
2.129092e+011 -8.462121e+010 
2.136513e+011 -8.262705e+010 
2.143759e+011 -8.062608e+010 
2.150827e+011 -7.861846e+010 
2.157718e+011 -7.660436e+010 
2.164431e+011 -7.458393e+010 
2.170965e+011 -7.255734e+010 
2.177320e+011 -7.052476e+010 
2.183495e+011 -6.848635e+010 
2.189489e+011 -6.644228e+010 
2.195302e+011 -6.439271e+010 
2.200934e+011 -6.233782e+010 
2.206383e+011 -6.027776e+010 
2.211650e+011 -5.821271e+010 
2.216733e+011 -5.614284e+010 
2.221633e+011 -5.406832e+010 
2.226349e+011 -5.198932e+010 
2.230880e+011 -4.990601e+010 
2.235226e+011 -4.781855e+010 
2.239386e+011 -4.572713e+010 
2.243361e+011 -4.363192e+010 
2.247150e+011 -4.153308e+010 
2.250752e+011 -3.943080e+010 
2.254167e+011 -3.732524e+010 
2.257394e+011 -3.521658e+010 
2.260435e+011 -3.310499e+010 
2.263287e+011 -3.099065e+010 
2.265951e+011 -2.887374e+010 
