731 2
7.635000e+011 0.000000e+000 
7.634991e+011 1.094504e+009 
7.634966e+011 2.189005e+009 
7.634923e+011 3.283502e+009 
7.634864e+011 4.377991e+009 
7.634787e+011 5.472470e+009 
7.634694e+011 6.566937e+009 
7.634584e+011 7.661390e+009 
7.634456e+011 8.755825e+009 
7.634312e+011 9.850241e+009 
7.634150e+011 1.094464e+010 
7.633972e+011 1.203901e+010 
7.633776e+011 1.313335e+010 
7.633564e+011 1.422766e+010 
7.633334e+011 1.532194e+010 
7.633088e+011 1.641619e+010 
7.632824e+011 1.751040e+010 
7.632544e+011 1.860458e+010 
7.632246e+011 1.969871e+010 
7.631932e+011 2.079279e+010 
7.631600e+011 2.188683e+010 
7.631252e+011 2.298083e+010 
7.630886e+011 2.407477e+010 
7.630504e+011 2.516865e+010 
7.630104e+011 2.626249e+010 
7.629688e+011 2.735626e+010 
7.629255e+011 2.844997e+010 
7.628804e+011 2.954362e+010 
7.628337e+011 3.063720e+010 
7.627852e+011 3.173072e+010 
7.627351e+011 3.282416e+010 
7.626833e+011 3.391753e+010 
7.626297e+011 3.501082e+010 
7.625745e+011 3.610404e+010 
7.625176e+011 3.719718e+010 
7.624589e+011 3.829023e+010 
7.623986e+011 3.938320e+010 
7.623366e+011 4.047608e+010 
7.622728e+011 4.156887e+010 
7.622074e+011 4.266157e+010 
7.621403e+011 4.375417e+010 
7.620715e+011 4.484668e+010 
7.620010e+011 4.593908e+010 
7.619288e+011 4.703139e+010 
7.618548e+011 4.812359e+010 
7.617792e+011 4.921568e+010 
7.617019e+011 5.030766e+010 
7.616229e+011 5.139953e+010 
7.615422e+011 5.249128e+010 
7.614598e+011 5.358292e+010 
7.613758e+011 5.467444e+010 
7.612900e+011 5.576584e+010 
7.612025e+011 5.685711e+010 
7.611133e+011 5.794826e+010 
7.610224e+011 5.903927e+010 
7.609299e+011 6.013016e+010 
7.608356e+011 6.122091e+010 
7.607396e+011 6.231153e+010 
7.606420e+011 6.340200e+010 
7.605426e+011 6.449234e+010 
7.604416e+011 6.558253e+010 
7.603388e+011 6.667257e+010 
7.602344e+011 6.776247e+010 
7.601283e+011 6.885222e+010 
7.600204e+011 6.994181e+010 
7.599109e+011 7.103124e+010 
7.597997e+011 7.212052e+010 
7.596868e+011 7.320964e+010 
7.595722e+011 7.429859e+010 
7.594559e+011 7.538738e+010 
7.593379e+011 7.647600e+010 
7.592182e+011 7.756445e+010 
7.590969e+011 7.865273e+010 
7.589738e+011 7.974083e+010 
7.588490e+011 8.082875e+010 
7.587226e+011 8.191649e+010 
7.585944e+011 8.300405e+010 
7.584646e+011 8.409143e+010 
7.583331e+011 8.517862e+010 
7.581999e+011 8.626562e+010 
7.580650e+011 8.735242e+010 
7.579284e+011 8.843903e+010 
7.577901e+011 8.952545e+010 
7.576501e+011 9.061166e+010 
7.575084e+011 9.169767e+010 
7.573651e+011 9.278348e+010 
7.572200e+011 9.386908e+010 
7.570733e+011 9.495447e+010 
7.569249e+011 9.603965e+010 
7.567748e+011 9.712461e+010 
7.566230e+011 9.820936e+010 
7.564695e+011 9.929389e+010 
7.563143e+011 1.003782e+011 
7.561574e+011 1.014623e+011 
7.559989e+011 1.025461e+011 
7.558386e+011 1.036298e+011 
7.556767e+011 1.047132e+011 
7.555131e+011 1.057963e+011 
7.553478e+011 1.068793e+011 
7.551808e+011 1.079619e+011 
7.550121e+011 1.090444e+011 
7.548418e+011 1.101266e+011 
7.546697e+011 1.112086e+011 
7.544960e+011 1.122903e+011 
7.543206e+011 1.133717e+011 
7.541435e+011 1.144529e+011 
7.539647e+011 1.155339e+011 
7.537843e+011 1.166146e+011 
7.536021e+011 1.176950e+011 
7.534183e+011 1.187752e+011 
7.532328e+011 1.198551e+011 
7.530456e+011 1.209347e+011 
7.528567e+011 1.220141e+011 
7.526662e+011 1.230932e+011 
7.524739e+011 1.241720e+011 
7.522800e+011 1.252505e+011 
7.520844e+011 1.263288e+011 
7.518871e+011 1.274068e+011 
7.516882e+011 1.284845e+011 
7.514875e+011 1.295619e+011 
7.512852e+011 1.306390e+011 
7.510812e+011 1.317158e+011 
7.508755e+011 1.327924e+011 
7.506682e+011 1.338686e+011 
7.504591e+011 1.349445e+011 
7.502484e+011 1.360202e+011 
7.500360e+011 1.370955e+011 
7.498220e+011 1.381705e+011 
7.496062e+011 1.392452e+011 
7.493888e+011 1.403196e+011 
7.491697e+011 1.413937e+011 
7.489490e+011 1.424675e+011 
7.487265e+011 1.435409e+011 
7.485024e+011 1.446141e+011 
7.482766e+011 1.456869e+011 
7.480491e+011 1.467594e+011 
7.478200e+011 1.478315e+011 
7.475892e+011 1.489034e+011 
7.473567e+011 1.499748e+011 
7.471225e+011 1.510460e+011 
7.468867e+011 1.521168e+011 
7.466492e+011 1.531873e+011 
7.464100e+011 1.542574e+011 
7.461692e+011 1.553272e+011 
7.459267e+011 1.563967e+011 
7.456825e+011 1.574658e+011 
7.454367e+011 1.585345e+011 
7.451891e+011 1.596029e+011 
7.449400e+011 1.606709e+011 
7.446891e+011 1.617386e+011 
7.444366e+011 1.628059e+011 
7.441824e+011 1.638728e+011 
7.439265e+011 1.649394e+011 
7.436690e+011 1.660056e+011 
7.434098e+011 1.670714e+011 
7.431490e+011 1.681369e+011 
7.428864e+011 1.692020e+011 
7.426223e+011 1.702667e+011 
7.423564e+011 1.713310e+011 
7.420889e+011 1.723949e+011 
7.418197e+011 1.734585e+011 
7.415489e+011 1.745217e+011 
7.412764e+011 1.755844e+011 
7.410022e+011 1.766468e+011 
7.407264e+011 1.777088e+011 
7.404489e+011 1.787704e+011 
7.401698e+011 1.798315e+011 
7.398890e+011 1.808923e+011 
7.396065e+011 1.819527e+011 
7.393224e+011 1.830127e+011 
7.390366e+011 1.840722e+011 
7.387492e+011 1.851314e+011 
7.384601e+011 1.861901e+011 
7.381693e+011 1.872484e+011 
7.378769e+011 1.883063e+011 
7.375829e+011 1.893638e+011 
7.372872e+011 1.904208e+011 
7.369898e+011 1.914774e+011 
7.366908e+011 1.925336e+011 
7.363901e+011 1.935893e+011 
7.360878e+011 1.946447e+011 
7.357838e+011 1.956995e+011 
7.354781e+011 1.967540e+011 
7.351708e+011 1.978080e+011 
7.348619e+011 1.988615e+011 
7.345513e+011 1.999146e+011 
7.342391e+011 2.009673e+011 
7.339252e+011 2.020195e+011 
7.336096e+011 2.030713e+011 
7.332925e+011 2.041226e+011 
7.329736e+011 2.051734e+011 
7.326531e+011 2.062238e+011 
7.323310e+011 2.072737e+011 
7.320072e+011 2.083231e+011 
7.316818e+011 2.093721e+011 
7.313548e+011 2.104206e+011 
7.310261e+011 2.114687e+011 
7.306957e+011 2.125162e+011 
7.303637e+011 2.135633e+011 
7.300301e+011 2.146099e+011 
7.296948e+011 2.156560e+011 
7.293579e+011 2.167017e+011 
7.290193e+011 2.177468e+011 
7.286791e+011 2.187915e+011 
7.283373e+011 2.198356e+011 
7.279938e+011 2.208793e+011 
7.276487e+011 2.219225e+011 
7.273019e+011 2.229652e+011 
7.269535e+011 2.240073e+011 
7.266035e+011 2.250490e+011 
7.262518e+011 2.260902e+011 
7.258985e+011 2.271308e+011 
7.255436e+011 2.281710e+011 
7.251870e+011 2.292106e+011 
7.248288e+011 2.302497e+011 
7.244690e+011 2.312883e+011 
7.241075e+011 2.323264e+011 
7.237444e+011 2.333639e+011 
7.233797e+011 2.344009e+011 
7.230133e+011 2.354374e+011 
7.226453e+011 2.364734e+011 
7.222757e+011 2.375088e+011 
7.219044e+011 2.385437e+011 
7.215316e+011 2.395781e+011 
7.211571e+011 2.406119e+011 
7.207809e+011 2.416451e+011 
7.204032e+011 2.426779e+011 
7.200238e+011 2.437101e+011 
7.196428e+011 2.447417e+011 
7.192601e+011 2.457728e+011 
7.188759e+011 2.468033e+011 
7.184900e+011 2.478333e+011 
7.181025e+011 2.488627e+011 
7.177134e+011 2.498915e+011 
7.173227e+011 2.509198e+011 
7.169303e+011 2.519475e+011 
7.165363e+011 2.529747e+011 
7.161407e+011 2.540012e+011 
7.157435e+011 2.550272e+011 
7.153447e+011 2.560527e+011 
7.149443e+011 2.570775e+011 
7.145422e+011 2.581018e+011 
7.141385e+011 2.591255e+011 
7.137332e+011 2.601485e+011 
7.133263e+011 2.611711e+011 
7.129178e+011 2.621930e+011 
7.125077e+011 2.632143e+011 
7.120959e+011 2.642350e+011 
7.116826e+011 2.652552e+011 
7.112676e+011 2.662747e+011 
7.108511e+011 2.672936e+011 
7.104329e+011 2.683120e+011 
7.100131e+011 2.693297e+011 
7.095917e+011 2.703468e+011 
7.091687e+011 2.713633e+011 
7.087441e+011 2.723792e+011 
7.083179e+011 2.733944e+011 
7.078901e+011 2.744091e+011 
7.074607e+011 2.754231e+011 
7.070297e+011 2.764365e+011 
7.065971e+011 2.774493e+011 
7.061629e+011 2.784614e+011 
7.057270e+011 2.794729e+011 
7.052896e+011 2.804838e+011 
7.048506e+011 2.814941e+011 
7.044100e+011 2.825037e+011 
7.039678e+011 2.835127e+011 
7.035240e+011 2.845210e+011 
7.030786e+011 2.855287e+011 
7.026316e+011 2.865357e+011 
7.021830e+011 2.875421e+011 
7.017328e+011 2.885478e+011 
7.012811e+011 2.895529e+011 
7.008277e+011 2.905573e+011 
7.003727e+011 2.915611e+011 
6.999162e+011 2.925642e+011 
6.994581e+011 2.935666e+011 
6.989984e+011 2.945684e+011 
6.985370e+011 2.955695e+011 
6.980742e+011 2.965699e+011 
6.976097e+011 2.975697e+011 
6.971436e+011 2.985687e+011 
6.966760e+011 2.995671e+011 
6.962067e+011 3.005649e+011 
6.957359e+011 3.015619e+011 
6.952635e+011 3.025583e+011 
6.947896e+011 3.035539e+011 
6.943140e+011 3.045489e+011 
6.938369e+011 3.055432e+011 
6.933582e+011 3.065368e+011 
6.928779e+011 3.075297e+011 
6.923960e+011 3.085218e+011 
6.919126e+011 3.095133e+011 
6.914276e+011 3.105041e+011 
6.909410e+011 3.114942e+011 
6.904528e+011 3.124836e+011 
6.899631e+011 3.134722e+011 
6.894718e+011 3.144602e+011 
6.889789e+011 3.154474e+011 
6.884845e+011 3.164339e+011 
6.879885e+011 3.174197e+011 
6.874909e+011 3.184048e+011 
6.869918e+011 3.193891e+011 
6.864911e+011 3.203727e+011 
6.859888e+011 3.213556e+011 
6.854850e+011 3.223377e+011 
6.849796e+011 3.233192e+011 
6.844726e+011 3.242998e+011 
6.839641e+011 3.252798e+011 
6.834540e+011 3.262590e+011 
6.829424e+011 3.272374e+011 
6.824292e+011 3.282151e+011 
6.819144e+011 3.291921e+011 
6.813981e+011 3.301683e+011 
6.808802e+011 3.311437e+011 
6.803608e+011 3.321184e+011 
6.798398e+011 3.330924e+011 
6.793173e+011 3.340655e+011 
6.787932e+011 3.350380e+011 
6.782676e+011 3.360096e+011 
6.777404e+011 3.369805e+011 
6.772117e+011 3.379506e+011 
6.766814e+011 3.389199e+011 
6.761496e+011 3.398885e+011 
6.756162e+011 3.408563e+011 
6.750813e+011 3.418233e+011 
6.745449e+011 3.427895e+011 
6.740069e+011 3.437550e+011 
6.734673e+011 3.447196e+011 
6.729262e+011 3.456835e+011 
6.723836e+011 3.466465e+011 
6.718395e+011 3.476088e+011 
6.712937e+011 3.485703e+011 
6.707465e+011 3.495310e+011 
6.701977e+011 3.504909e+011 
6.696474e+011 3.514500e+011 
6.690956e+011 3.524082e+011 
6.685422e+011 3.533657e+011 
6.679873e+011 3.543224e+011 
6.674309e+011 3.552782e+011 
6.668729e+011 3.562333e+011 
6.663134e+011 3.571875e+011 
6.657524e+011 3.581409e+011 
6.651898e+011 3.590934e+011 
6.646257e+011 3.600452e+011 
6.640601e+011 3.609961e+011 
6.634930e+011 3.619462e+011 
6.629243e+011 3.628955e+011 
6.623542e+011 3.638439e+011 
6.617825e+011 3.647915e+011 
6.612093e+011 3.657383e+011 
6.606345e+011 3.666842e+011 
6.600583e+011 3.676293e+011 
6.594805e+011 3.685735e+011 
6.589012e+011 3.695169e+011 
6.583204e+011 3.704594e+011 
6.577381e+011 3.714011e+011 
6.571543e+011 3.723420e+011 
6.565690e+011 3.732819e+011 
6.559821e+011 3.742211e+011 
6.553938e+011 3.751593e+011 
6.548039e+011 3.760967e+011 
6.542126e+011 3.770332e+011 
6.536197e+011 3.779689e+011 
6.530253e+011 3.789037e+011 
6.524294e+011 3.798376e+011 
6.518320e+011 3.807707e+011 
6.512332e+011 3.817028e+011 
6.506328e+011 3.826341e+011 
6.500309e+011 3.835645e+011 
6.494275e+011 3.844940e+011 
6.488226e+011 3.854227e+011 
6.482162e+011 3.863504e+011 
6.476084e+011 3.872773e+011 
6.469990e+011 3.882032e+011 
6.463882e+011 3.891283e+011 
6.457758e+011 3.900525e+011 
6.451620e+011 3.909757e+011 
6.445466e+011 3.918981e+011 
6.439298e+011 3.928196e+011 
6.433115e+011 3.937401e+011 
6.426917e+011 3.946598e+011 
6.420705e+011 3.955785e+011 
6.414477e+011 3.964963e+011 
6.408235e+011 3.974132e+011 
6.401978e+011 3.983292e+011 
6.395706e+011 3.992443e+011 
6.389419e+011 4.001584e+011 
6.383117e+011 4.010716e+011 
6.376801e+011 4.019839e+011 
6.370470e+011 4.028953e+011 
6.364124e+011 4.038057e+011 
6.357764e+011 4.047152e+011 
6.351388e+011 4.056237e+011 
6.344998e+011 4.065314e+011 
6.338594e+011 4.074380e+011 
6.332174e+011 4.083438e+011 
6.325740e+011 4.092486e+011 
6.319292e+011 4.101524e+011 
6.312828e+011 4.110553e+011 
6.306351e+011 4.119572e+011 
6.299858e+011 4.128582e+011 
6.293351e+011 4.137582e+011 
6.286829e+011 4.146573e+011 
6.280293e+011 4.155554e+011 
6.273742e+011 4.164525e+011 
6.267176e+011 4.173487e+011 
6.260596e+011 4.182439e+011 
6.254002e+011 4.191381e+011 
6.247393e+011 4.200314e+011 
6.240769e+011 4.209236e+011 
6.234131e+011 4.218149e+011 
6.227478e+011 4.227053e+011 
6.220811e+011 4.235946e+011 
6.214130e+011 4.244830e+011 
6.207434e+011 4.253703e+011 
6.200724e+011 4.262567e+011 
6.193999e+011 4.271421e+011 
6.187260e+011 4.280265e+011 
6.180506e+011 4.289099e+011 
6.173738e+011 4.297923e+011 
6.166956e+011 4.306737e+011 
6.160159e+011 4.315541e+011 
6.153348e+011 4.324335e+011 
6.146522e+011 4.333119e+011 
6.139683e+011 4.341892e+011 
6.132829e+011 4.350656e+011 
6.125960e+011 4.359409e+011 
6.119078e+011 4.368153e+011 
6.112181e+011 4.376886e+011 
6.105270e+011 4.385609e+011 
6.098344e+011 4.394322e+011 
6.091405e+011 4.403024e+011 
6.084451e+011 4.411716e+011 
6.077483e+011 4.420398e+011 
6.070501e+011 4.429070e+011 
6.063504e+011 4.437731e+011 
6.056494e+011 4.446382e+011 
6.049469e+011 4.455022e+011 
6.042430e+011 4.463652e+011 
6.035377e+011 4.472272e+011 
6.028310e+011 4.480881e+011 
6.021229e+011 4.489480e+011 
6.014134e+011 4.498068e+011 
6.007025e+011 4.506646e+011 
5.999901e+011 4.515213e+011 
5.992764e+011 4.523769e+011 
5.985613e+011 4.532315e+011 
5.978447e+011 4.540851e+011 
5.971268e+011 4.549375e+011 
5.964074e+011 4.557889e+011 
5.956867e+011 4.566393e+011 
5.949645e+011 4.574885e+011 
5.942410e+011 4.583367e+011 
5.935161e+011 4.591839e+011 
5.927898e+011 4.600299e+011 
5.920621e+011 4.608749e+011 
5.913330e+011 4.617188e+011 
5.906025e+011 4.625616e+011 
5.898706e+011 4.634033e+011 
5.891374e+011 4.642439e+011 
5.884027e+011 4.650834e+011 
5.876667e+011 4.659219e+011 
5.869293e+011 4.667592e+011 
5.861905e+011 4.675955e+011 
5.854504e+011 4.684306e+011 
5.847089e+011 4.692647e+011 
5.839659e+011 4.700976e+011 
5.832217e+011 4.709295e+011 
5.824760e+011 4.717602e+011 
5.817290e+011 4.725899e+011 
5.809806e+011 4.734184e+011 
5.802308e+011 4.742458e+011 
5.794797e+011 4.750721e+011 
5.787272e+011 4.758972e+011 
5.779734e+011 4.767213e+011 
5.772182e+011 4.775442e+011 
5.764616e+011 4.783660e+011 
5.757036e+011 4.791866e+011 
5.749444e+011 4.800062e+011 
5.741837e+011 4.808246e+011 
5.734217e+011 4.816419e+011 
5.726583e+011 4.824580e+011 
5.718936e+011 4.832730e+011 
5.711276e+011 4.840869e+011 
5.703602e+011 4.848996e+011 
5.695914e+011 4.857111e+011 
5.688213e+011 4.865216e+011 
5.680499e+011 4.873308e+011 
5.672771e+011 4.881389e+011 
5.665030e+011 4.889459e+011 
5.657275e+011 4.897517e+011 
5.649507e+011 4.905564e+011 
5.641726e+011 4.913599e+011 
5.633931e+011 4.921622e+011 
5.626123e+011 4.929633e+011 
5.618301e+011 4.937633e+011 
5.610467e+011 4.945622e+011 
5.602619e+011 4.953598e+011 
5.594757e+011 4.961563e+011 
5.586883e+011 4.969516e+011 
5.578995e+011 4.977457e+011 
5.571094e+011 4.985387e+011 
5.563180e+011 4.993305e+011 
5.555253e+011 5.001210e+011 
5.547312e+011 5.009104e+011 
5.539358e+011 5.016986e+011 
5.531391e+011 5.024856e+011 
5.523411e+011 5.032715e+011 
5.515418e+011 5.040561e+011 
5.507412e+011 5.048395e+011 
5.499393e+011 5.056218e+011 
5.491360e+011 5.064028e+011 
5.483315e+011 5.071826e+011 
5.475256e+011 5.079612e+011 
5.467185e+011 5.087386e+011 
5.459100e+011 5.095148e+011 
5.451003e+011 5.102898e+011 
5.442892e+011 5.110636e+011 
5.434769e+011 5.118362e+011 
5.426632e+011 5.126075e+011 
5.418483e+011 5.133776e+011 
5.410321e+011 5.141465e+011 
5.402146e+011 5.149142e+011 
5.393958e+011 5.156806e+011 
5.385757e+011 5.164458e+011 
5.377543e+011 5.172098e+011 
5.369317e+011 5.179725e+011 
5.361077e+011 5.187341e+011 
5.352825e+011 5.194943e+011 
5.344560e+011 5.202534e+011 
5.336283e+011 5.210111e+011 
5.327992e+011 5.217677e+011 
5.319689e+011 5.225230e+011 
5.311373e+011 5.232770e+011 
5.303045e+011 5.240298e+011 
5.294703e+011 5.247814e+011 
5.286349e+011 5.255317e+011 
5.277983e+011 5.262807e+011 
5.269604e+011 5.270285e+011 
5.261212e+011 5.277750e+011 
5.252808e+011 5.285202e+011 
5.244391e+011 5.292642e+011 
5.235961e+011 5.300069e+011 
5.227519e+011 5.307484e+011 
5.219064e+011 5.314885e+011 
5.210597e+011 5.322274e+011 
5.202118e+011 5.329651e+011 
5.193625e+011 5.337014e+011 
5.185121e+011 5.344365e+011 
5.176604e+011 5.351702e+011 
5.168074e+011 5.359027e+011 
5.159533e+011 5.366339e+011 
5.150978e+011 5.373639e+011 
5.142412e+011 5.380925e+011 
5.133833e+011 5.388198e+011 
5.125242e+011 5.395459e+011 
5.116638e+011 5.402706e+011 
5.108022e+011 5.409941e+011 
5.099394e+011 5.417162e+011 
5.090753e+011 5.424370e+011 
5.082101e+011 5.431566e+011 
5.073436e+011 5.438748e+011 
5.064758e+011 5.445917e+011 
5.056069e+011 5.453073e+011 
5.047367e+011 5.460216e+011 
5.038654e+011 5.467346e+011 
5.029928e+011 5.474462e+011 
5.021190e+011 5.481566e+011 
5.012440e+011 5.488656e+011 
5.003677e+011 5.495733e+011 
4.994903e+011 5.502796e+011 
4.986117e+011 5.509847e+011 
4.977318e+011 5.516884e+011 
4.968508e+011 5.523908e+011 
4.959685e+011 5.530918e+011 
4.950851e+011 5.537915e+011 
4.942005e+011 5.544899e+011 
4.933146e+011 5.551869e+011 
4.924276e+011 5.558826e+011 
4.915394e+011 5.565769e+011 
4.906500e+011 5.572699e+011 
4.897594e+011 5.579615e+011 
4.888676e+011 5.586518e+011 
4.879746e+011 5.593407e+011 
4.870805e+011 5.600283e+011 
4.861852e+011 5.607145e+011 
4.852887e+011 5.613994e+011 
4.843910e+011 5.620829e+011 
4.834921e+011 5.627650e+011 
4.825921e+011 5.634458e+011 
4.816909e+011 5.641252e+011 
4.807885e+011 5.648032e+011 
4.798850e+011 5.654799e+011 
4.789803e+011 5.661552e+011 
4.780744e+011 5.668291e+011 
4.771674e+011 5.675017e+011 
4.762592e+011 5.681728e+011 
4.753498e+011 5.688426e+011 
4.744393e+011 5.695110e+011 
4.735277e+011 5.701780e+011 
4.726149e+011 5.708436e+011 
4.717009e+011 5.715078e+011 
4.707858e+011 5.721707e+011 
4.698695e+011 5.728321e+011 
4.689521e+011 5.734922e+011 
4.680336e+011 5.741508e+011 
4.671139e+011 5.748081e+011 
4.661931e+011 5.754639e+011 
4.652711e+011 5.761184e+011 
4.643480e+011 5.767714e+011 
4.634238e+011 5.774230e+011 
4.624984e+011 5.780733e+011 
4.615720e+011 5.787221e+011 
4.606443e+011 5.793695e+011 
4.597156e+011 5.800155e+011 
4.587857e+011 5.806600e+011 
4.578547e+011 5.813032e+011 
4.569226e+011 5.819449e+011 
4.559894e+011 5.825852e+011 
4.550551e+011 5.832241e+011 
4.541196e+011 5.838615e+011 
4.531830e+011 5.844975e+011 
4.522454e+011 5.851321e+011 
4.513066e+011 5.857653e+011 
4.503667e+011 5.863970e+011 
4.494257e+011 5.870273e+011 
4.484836e+011 5.876561e+011 
4.475404e+011 5.882835e+011 
4.465961e+011 5.889095e+011 
4.456507e+011 5.895340e+011 
4.447042e+011 5.901570e+011 
4.437566e+011 5.907786e+011 
4.428080e+011 5.913988e+011 
4.418582e+011 5.920175e+011 
4.409074e+011 5.926348e+011 
4.399555e+011 5.932506e+011 
4.390024e+011 5.938649e+011 
4.380484e+011 5.944778e+011 
4.370932e+011 5.950892e+011 
4.361370e+011 5.956991e+011 
4.351796e+011 5.963076e+011 
4.342212e+011 5.969146e+011 
4.332618e+011 5.975202e+011 
4.323013e+011 5.981243e+011 
4.313397e+011 5.987269e+011 
4.303770e+011 5.993280e+011 
4.294133e+011 5.999276e+011 
4.284485e+011 6.005258e+011 
4.274827e+011 6.011225e+011 
4.265158e+011 6.017176e+011 
4.255479e+011 6.023114e+011 
4.245789e+011 6.029036e+011 
4.236088e+011 6.034943e+011 
4.226378e+011 6.040836e+011 
4.216656e+011 6.046713e+011 
4.206924e+011 6.052575e+011 
4.197182e+011 6.058423e+011 
4.187430e+011 6.064256e+011 
4.177667e+011 6.070073e+011 
4.167893e+011 6.075876e+011 
4.158110e+011 6.081663e+011 
4.148316e+011 6.087435e+011 
4.138512e+011 6.093193e+011 
4.128697e+011 6.098935e+011 
4.118873e+011 6.104662e+011 
4.109038e+011 6.110374e+011 
4.099193e+011 6.116071e+011 
4.089337e+011 6.121752e+011 
4.079472e+011 6.127418e+011 
4.069596e+011 6.133070e+011 
4.059711e+011 6.138705e+011 
4.049815e+011 6.144326e+011 
4.039909e+011 6.149931e+011 
4.029993e+011 6.155522e+011 
4.020067e+011 6.161096e+011 
4.010131e+011 6.166656e+011 
4.000186e+011 6.172200e+011 
3.990230e+011 6.177728e+011 
3.980264e+011 6.183242e+011 
3.970288e+011 6.188740e+011 
3.960303e+011 6.194222e+011 
3.950307e+011 6.199689e+011 
3.940302e+011 6.205141e+011 
3.930287e+011 6.210577e+011 
3.920262e+011 6.215997e+011 
3.910227e+011 6.221402e+011 
3.900182e+011 6.226792e+011 
3.890128e+011 6.232166e+011 
3.880064e+011 6.237524e+011 
3.869990e+011 6.242867e+011 
3.859907e+011 6.248194e+011 
3.849814e+011 6.253506e+011 
3.839711e+011 6.258802e+011 
3.829599e+011 6.264082e+011 
3.819477e+011 6.269347e+011 
3.809346e+011 6.274596e+011 
3.799205e+011 6.279829e+011 
3.789054e+011 6.285046e+011 
3.778894e+011 6.290248e+011 
3.768725e+011 6.295434e+011 
3.758546e+011 6.300604e+011 
3.748358e+011 6.305758e+011 
3.738160e+011 6.310897e+011 
3.727953e+011 6.316019e+011 
3.717736e+011 6.321126e+011 
3.707510e+011 6.326217e+011 
3.697275e+011 6.331292e+011 
3.687031e+011 6.336351e+011 
3.676777e+011 6.341394e+011 
3.666514e+011 6.346421e+011 
3.656242e+011 6.351432e+011 
3.645960e+011 6.356428e+011 
3.635670e+011 6.361407e+011 
3.625370e+011 6.366370e+011 
3.615061e+011 6.371317e+011 
3.604743e+011 6.376248e+011 
3.594416e+011 6.381163e+011 
3.584080e+011 6.386062e+011 
3.573735e+011 6.390945e+011 
3.563381e+011 6.395812e+011 
3.553017e+011 6.400662e+011 
3.542645e+011 6.405497e+011 
3.532264e+011 6.410315e+011 
3.521874e+011 6.415117e+011 
3.511475e+011 6.419902e+011 
3.501067e+011 6.424672e+011 
3.490651e+011 6.429425e+011 
3.480225e+011 6.434162e+011 
3.469791e+011 6.438883e+011 
3.459348e+011 6.443587e+011 
