731 2
5.791000e+010 0.000000e+000 
5.776231e+010 4.134416e+009 
5.731987e+010 8.247739e+009 
5.658494e+010 1.231898e+010 
5.556128e+010 1.632737e+010 
5.425410e+010 2.025244e+010 
5.267008e+010 2.407418e+010 
5.081731e+010 2.777309e+010 
4.870524e+010 3.133029e+010 
4.634466e+010 3.472763e+010 
4.374761e+010 3.794779e+010 
4.092736e+010 4.097433e+010 
3.789829e+010 4.379183e+010 
3.467587e+010 4.638591e+010 
3.127653e+010 4.874335e+010 
2.771763e+010 5.085212e+010 
2.401733e+010 5.270147e+010 
2.019450e+010 5.428198e+010 
1.626866e+010 5.558560e+010 
1.225982e+010 5.660567e+010 
8.188451e+009 5.733702e+010 
4.075307e+009 5.777592e+010 
-5.862606e+007 5.792013e+010 
-4.192265e+009 5.776894e+010 
-8.304528e+009 5.732313e+010 
-1.237444e+010 5.658498e+010 
-1.638126e+010 5.555826e+010 
-2.030454e+010 5.424822e+010 
-2.412429e+010 5.266156e+010 
-2.782103e+010 5.080636e+010 
-3.137591e+010 4.869210e+010 
-3.477082e+010 4.632957e+010 
-3.798846e+010 4.373082e+010 
-4.101241e+010 4.090911e+010 
-4.382727e+010 3.787883e+010 
-4.641869e+010 3.465543e+010 
-4.877348e+010 3.125535e+010 
-5.087962e+010 2.769593e+010 
-5.272640e+010 2.399533e+010 
-5.430439e+010 2.017239e+010 
-5.560557e+010 1.624663e+010 
-5.662330e+010 1.223804e+010 
-5.735241e+010 8.167067e+009 
-5.778917e+010 4.054459e+009 
-5.793136e+010 -7.881997e+007 
-5.777827e+010 -4.211702e+009 
-5.733068e+010 -8.323120e+009 
-5.659087e+010 -1.239212e+010 
-5.556261e+010 -1.639796e+010 
-5.425114e+010 -2.032022e+010 
-5.266315e+010 -2.413892e+010 
-5.080673e+010 -2.783458e+010 
-4.869134e+010 -3.138837e+010 
-4.632777e+010 -3.478218e+010 
-4.372806e+010 -3.799870e+010 
-4.090546e+010 -4.102154e+010 
-3.787436e+010 -4.383529e+010 
-3.465019e+010 -4.642560e+010 
-3.124940e+010 -4.877927e+010 
-2.768932e+010 -5.088430e+010 
-2.398809e+010 -5.272995e+010 
-2.016457e+010 -5.430681e+010 
-1.623826e+010 -5.560684e+010 
-1.222917e+010 -5.662341e+010 
-8.157734e+009 -5.735133e+010 
-4.044706e+009 -5.778687e+010 
8.894578e+007 -5.792783e+010 
4.222149e+009 -5.777346e+010 
8.333831e+009 -5.732456e+010 
1.240303e+010 -5.658341e+010 
1.640900e+010 -5.555378e+010 
2.033131e+010 -5.424090e+010 
2.414997e+010 -5.265148e+010 
2.784550e+010 -5.079361e+010 
3.139906e+010 -4.867676e+010 
3.479253e+010 -4.631172e+010 
3.800860e+010 -4.371053e+010 
4.103088e+010 -4.088647e+010 
4.384394e+010 -3.785393e+010 
4.643344e+010 -3.462836e+010 
4.878618e+010 -3.122622e+010 
5.089015e+010 -2.766485e+010 
5.273462e+010 -2.396241e+010 
5.431020e+010 -2.013777e+010 
5.560883e+010 -1.621044e+010 
5.662390e+010 -1.220045e+010 
5.735024e+010 -8.128234e+009 
5.778412e+010 -4.014570e+009 
5.792336e+010 1.195704e+008 
5.776722e+010 4.253105e+009 
5.731652e+010 8.364957e+009 
5.657355e+010 1.243416e+010 
5.554210e+010 1.643996e+010 
5.422743e+010 2.036194e+010 
5.263626e+010 2.418009e+010 
5.077669e+010 2.787496e+010 
4.865821e+010 3.142769e+010 
4.629162e+010 3.482019e+010 
4.368901e+010 3.803515e+010 
4.086363e+010 4.105618e+010 
3.782991e+010 4.386789e+010 
3.460331e+010 4.645594e+010 
3.120028e+010 4.880715e+010 
2.763819e+010 5.090953e+010 
2.393519e+010 5.275237e+010 
2.011016e+010 5.432628e+010 
1.618261e+010 5.562324e+010 
1.217256e+010 5.663665e+010 
8.100453e+009 5.736135e+010 
3.987051e+009 5.779365e+010 
-1.466777e+008 5.793137e+010 
-4.279664e+009 5.777379e+010 
-8.390840e+009 5.732174e+010 
-1.245925e+010 5.657753e+010 
-1.646417e+010 5.554495e+010 
-2.038518e+010 5.422928e+010 
-2.420230e+010 5.263723e+010 
-2.789608e+010 5.077692e+010 
-3.144770e+010 4.865783e+010 
-3.483907e+010 4.629078e+010 
-3.805290e+010 4.368784e+010 
-4.107282e+010 4.086226e+010 
-4.388345e+010 3.782846e+010 
-4.647047e+010 3.460189e+010 
-4.882070e+010 3.119901e+010 
-5.092217e+010 2.763715e+010 
-5.276418e+010 2.393447e+010 
-5.433735e+010 2.010983e+010 
-5.563367e+010 1.618272e+010 
-5.664653e+010 1.217316e+010 
-5.737077e+010 8.101579e+009 
-5.780272e+010 3.988711e+009 
-5.794017e+010 -1.444831e+008 
-5.778243e+010 -4.276945e+009 
-5.733030e+010 -8.387622e+009 
-5.658608e+010 -1.245557e+010 
-5.555358e+010 -1.646007e+010 
-5.423805e+010 -2.038071e+010 
-5.264618e+010 -2.419752e+010 
-5.078611e+010 -2.789106e+010 
-4.866729e+010 -3.144250e+010 
-4.630053e+010 -3.483376e+010 
-4.369787e+010 -3.804756e+010 
-4.087259e+010 -4.106752e+010 
-3.783907e+010 -4.387826e+010 
-3.461277e+010 -4.646545e+010 
-3.121011e+010 -4.881591e+010 
-2.764845e+010 -5.091767e+010 
-2.394591e+010 -5.276001e+010 
-2.012137e+010 -5.433354e+010 
-1.619431e+010 -5.563025e+010 
-1.218473e+010 -5.664352e+010 
-8.113071e+009 -5.736820e+010 
-4.000067e+009 -5.780058e+010 
1.333222e+008 -5.793845e+010 
4.266037e+009 -5.778111e+010 
8.377019e+009 -5.732937e+010 
1.244532e+010 -5.658551e+010 
1.645022e+010 -5.555332e+010 
2.037129e+010 -5.423807e+010 
2.418857e+010 -5.264644e+010 
2.788260e+010 -5.078654e+010 
3.143455e+010 -4.866786e+010 
3.482633e+010 -4.630118e+010 
3.804065e+010 -4.369856e+010 
4.106112e+010 -4.087326e+010 
4.387236e+010 -3.783967e+010 
4.646004e+010 -3.461326e+010 
4.881096e+010 -3.121046e+010 
5.091315e+010 -2.764861e+010 
5.275590e+010 -2.394586e+010 
5.432981e+010 -2.012108e+010 
5.562686e+010 -1.619376e+010 
5.664044e+010 -1.218392e+010 
5.736539e+010 -8.111985e+009 
5.779801e+010 -3.998706e+009 
5.793609e+010 1.349541e+008 
5.777894e+010 4.267931e+009 
5.732736e+010 8.379164e+009 
5.658364e+010 1.244770e+010 
5.555159e+010 1.645281e+010 
5.423646e+010 2.037409e+010 
5.264495e+010 2.419155e+010 
5.078519e+010 2.788574e+010 
4.866664e+010 3.143785e+010 
4.630010e+010 3.482976e+010 
4.369764e+010 3.804421e+010 
4.087253e+010 4.106481e+010 
3.783915e+010 4.387617e+010 
3.461298e+010 4.646398e+010 
3.121044e+010 4.881506e+010 
2.764888e+010 5.091742e+010 
2.394644e+010 5.276036e+010 
2.012200e+010 5.433450e+010 
1.619504e+010 5.563182e+010 
1.218557e+010 5.664572e+010 
8.114013e+009 5.737104e+010 
4.001116e+009 5.780409e+010 
-1.321690e+008 5.794266e+010 
-4.264785e+009 5.778606e+010 
-8.375681e+009 5.733510e+010 
-1.244391e+010 5.659207e+010 
-1.644877e+010 5.556077e+010 
-2.036984e+010 5.424646e+010 
-2.418715e+010 5.265583e+010 
-2.788127e+010 5.079699e+010 
-3.143339e+010 4.867942e+010 
-3.482541e+010 4.631391e+010 
-3.804005e+010 4.371250e+010 
-4.106096e+010 4.088846e+010 
-4.387275e+010 3.785617e+010 
-4.646109e+010 3.463107e+010 
-4.881282e+010 3.122961e+010 
-5.091596e+010 2.766909e+010 
-5.275979e+010 2.396765e+010 
-5.433495e+010 2.014415e+010 
-5.563340e+010 1.621807e+010 
-5.664854e+010 1.220939e+010 
-5.737519e+010 8.138524e+009 
-5.780968e+010 4.026213e+009 
-5.794977e+010 -1.066046e+008 
-5.779477e+010 -4.238884e+009 
-5.734546e+010 -8.349583e+009 
-5.660414e+010 -1.241777e+010 
-5.557457e+010 -1.642272e+010 
-5.426201e+010 -2.034406e+010 
-5.267314e+010 -2.416180e+010 
-5.081605e+010 -2.785651e+010 
-4.870019e+010 -3.140937e+010 
-4.633634e+010 -3.480230e+010 
-4.373654e+010 -3.801802e+010 
-4.091402e+010 -4.104014e+010 
-3.788316e+010 -4.385329e+010 
-3.465939e+010 -4.644313e+010 
-3.125913e+010 -4.879648e+010 
-2.769969e+010 -5.090136e+010 
-2.399919e+010 -5.274703e+010 
-2.017648e+010 -5.432411e+010 
-1.625101e+010 -5.562456e+010 
-1.224280e+010 -5.664175e+010 
-8.172228e+009 -5.737051e+010 
-4.060040e+009 -5.780712e+010 
7.282736e+007 -5.794935e+010 
4.205328e+009 -5.779649e+010 
8.316418e+009 -5.734930e+010 
1.238516e+010 -5.661006e+010 
1.639084e+010 -5.558253e+010 
2.031305e+010 -5.427195e+010 
2.413182e+010 -5.268498e+010 
2.782770e+010 -5.082972e+010 
3.138187e+010 -4.871559e+010 
3.477622e+010 -4.635337e+010 
3.799348e+010 -4.375508e+010 
4.101725e+010 -4.093397e+010 
4.383214e+010 -3.790438e+010 
4.642381e+010 -3.468176e+010 
4.877905e+010 -3.128251e+010 
5.088588e+010 -2.772394e+010 
5.273357e+010 -2.402418e+010 
5.431269e+010 -2.020206e+010 
5.561522e+010 -1.627706e+010 
5.663452e+010 -1.226916e+010 
5.736540e+010 -8.198771e+009 
5.780413e+010 -4.086623e+009 
5.794849e+010 4.634049e+007 
5.779773e+010 4.179073e+009 
5.735263e+010 8.290527e+009 
5.661546e+010 1.235977e+010 
5.558997e+010 1.636607e+010 
5.428138e+010 2.028902e+010 
5.269637e+010 2.410867e+010 
5.084300e+010 2.780554e+010 
4.873072e+010 3.136083e+010 
4.637029e+010 3.475641e+010 
4.377372e+010 3.797502e+010 
4.095424e+010 4.100025e+010 
3.792622e+010 4.381670e+010 
3.470507e+010 4.641004e+010 
3.130720e+010 4.876706e+010 
2.774992e+010 5.087577e+010 
2.405133e+010 5.272543e+010 
2.023027e+010 5.430663e+010 
1.630621e+010 5.561132e+010 
1.229911e+010 5.663286e+010 
8.229393e+009 5.736605e+010 
4.117770e+009 5.780717e+010 
-1.482300e+007 5.795398e+010 
-4.147345e+009 5.780573e+010 
-8.258757e+009 5.736318e+010 
-1.232813e+010 5.662858e+010 
-1.633474e+010 5.560570e+010 
-2.025820e+010 5.429973e+010 
-2.407853e+010 5.271733e+010 
-2.777629e+010 5.086655e+010 
-3.133265e+010 4.875684e+010 
-3.472952e+010 4.639892e+010 
-3.794960e+010 4.380480e+010 
-4.097651e+010 4.098770e+010 
-4.379483e+010 3.796196e+010 
-4.639023e+010 3.474297e+010 
-4.874950e+010 3.134714e+010 
-5.086064e+010 2.779174e+010 
-5.271289e+010 2.409488e+010 
-5.429684e+010 2.027536e+010 
-5.560442e+010 1.635265e+010 
-5.662898e+010 1.234670e+010 
-5.736531e+010 8.277898e+009 
-5.780967e+010 4.166962e+009 
-5.795979e+010 3.481339e+007 
-5.781492e+010 -4.097517e+009 
-5.737579e+010 -8.208998e+009 
-5.664464e+010 -1.227870e+010 
-5.562518e+010 -1.628592e+010 
-5.432263e+010 -2.021025e+010 
-5.274359e+010 -2.403172e+010 
-5.089611e+010 -2.773089e+010 
-4.878959e+010 -3.128893e+010 
-4.643476e+010 -3.468773e+010 
-4.384360e+010 -3.790998e+010 
-4.102929e+010 -4.093930e+010 
-3.800616e+010 -4.376027e+010 
-3.478960e+010 -4.635852e+010 
-3.139598e+010 -4.872083e+010 
-2.784256e+010 -5.083519e+010 
-2.414744e+010 -5.269082e+010 
-2.032941e+010 -5.427828e+010 
-1.640792e+010 -5.558950e+010 
-1.240291e+010 -5.661780e+010 
-8.334771e+009 -5.735794e+010 
-4.224209e+009 -5.780616e+010 
-9.214413e+007 -5.796018e+010 
4.040395e+009 -5.781920e+010 
8.152374e+009 -5.738395e+010 
1.222287e+010 -5.665664e+010 
1.623115e+010 -5.564097e+010 
2.015683e+010 -5.434210e+010 
2.397993e+010 -5.276666e+010 
2.768098e+010 -5.092266e+010 
3.124115e+010 -4.881947e+010 
3.464232e+010 -4.646781e+010 
3.786717e+010 -4.387964e+010 
4.089929e+010 -4.106814e+010 
4.372326e+010 -3.804761e+010 
4.632469e+010 -3.483343e+010 
4.869035e+010 -3.144196e+010 
5.080820e+010 -2.789045e+010 
5.266745e+010 -2.419699e+010 
5.425865e+010 -2.038037e+010 
5.557369e+010 -1.646001e+010 
5.660588e+010 -1.245588e+010 
5.734998e+010 -8.388350e+009 
5.780219e+010 -4.278120e+009 
5.796021e+010 -1.461129e+008 
5.782324e+010 3.986643e+009 
5.739198e+010 8.099113e+009 
5.666863e+010 1.217037e+010 
5.565687e+010 1.617969e+010 
5.436184e+010 2.010666e+010 
5.279015e+010 2.393132e+010 
5.094979e+010 2.763418e+010 
4.885013e+010 3.119641e+010 
4.650186e+010 3.459988e+010 
4.391693e+010 3.782727e+010 
4.110851e+010 4.086215e+010 
3.809087e+010 4.368909e+010 
3.487939e+010 4.629370e+010 
3.149041e+010 4.866272e+010 
2.794117e+010 5.078411e+010 
2.424975e+010 5.264708e+010 
2.043491e+010 5.424214e+010 
1.651609e+010 5.556118e+010 
1.251322e+010 5.659749e+010 
8.446673e+009 5.734581e+010 
4.337139e+009 5.780232e+010 
2.055325e+008 5.796472e+010 
-3.927125e+009 5.783218e+010 
-8.039804e+009 5.740537e+010 
-1.211158e+010 5.668647e+010 
-1.612174e+010 5.567914e+010 
-2.004987e+010 5.438852e+010 
-2.387599e+010 5.282117e+010 
-2.758064e+010 5.098507e+010 
-3.114497e+010 4.888957e+010 
-3.455084e+010 4.654532e+010 
-3.778094e+010 4.396427e+010 
-4.081882e+010 4.115954e+010 
-4.364904e+010 3.814540e+010 
-4.625720e+010 3.493720e+010 
-4.863003e+010 3.155126e+010 
-5.075546e+010 2.800479e+010 
-5.262269e+010 2.431586e+010 
-5.422222e+010 2.050322e+010 
-5.554590e+010 1.658627e+010 
-5.658702e+010 1.258494e+010 
-5.734027e+010 8.519582e+009 
-5.780183e+010 4.410883e+009 
-5.796936e+010 2.797403e+008 
-5.784199e+010 -3.852829e+009 
-5.742038e+010 -7.965804e+009 
-5.670668e+010 -1.203826e+010 
-5.570452e+010 -1.604949e+010 
-5.441899e+010 -1.997908e+010 
-5.285664e+010 -2.380704e+010 
-5.102542e+010 -2.751390e+010 
-4.893465e+010 -3.108081e+010 
-4.659495e+010 -3.448963e+010 
-4.401823e+010 -3.772300e+010 
-4.121760e+010 -4.076450e+010 
-3.820730e+010 -4.359864e+010 
-3.500265e+010 -4.621100e+010 
-3.161995e+010 -4.858831e+010 
-2.807640e+010 -5.071847e+010 
-2.439004e+010 -5.259064e+010 
-2.057960e+010 -5.419530e+010 
-1.666448e+010 -5.552429e+010 
-1.266459e+010 -5.657084e+010 
-8.600273e+009 -5.732964e+010 
-4.492205e+009 -5.779682e+010 
-3.612823e+008 -5.797001e+010 
3.771483e+009 -5.784832e+010 
7.885068e+009 -5.743237e+010 
1.195855e+010 -5.672429e+010 
1.597120e+010 -5.572767e+010 
1.990262e+010 -5.444757e+010 
2.373281e+010 -5.289052e+010 
2.744228e+010 -5.106443e+010 
3.101216e+010 -4.897859e+010 
3.442430e+010 -4.664361e+010 
3.766134e+010 -4.407136e+010 
4.070680e+010 -4.127494e+010 
4.354522e+010 -3.826856e+010 
4.616213e+010 -3.506752e+010 
4.854424e+010 -3.168810e+010 
5.067942e+010 -2.814749e+010 
5.255682e+010 -2.446370e+010 
5.416689e+010 -2.065547e+010 
5.550143e+010 -1.674218e+010 
5.655366e+010 -1.274371e+010 
5.731824e+010 -8.680424e+009 
5.779126e+010 -4.572977e+009 
5.797033e+010 -4.422662e+008 
5.785453e+010 3.690699e+009 
5.744446e+010 7.804896e+009 
5.674221e+010 1.187940e+010 
5.575134e+010 1.589348e+010 
5.447690e+010 1.982673e+010 
5.292538e+010 2.365914e+010 
5.110466e+010 2.737122e+010 
4.902401e+010 3.094408e+010 
4.669402e+010 3.435956e+010 
4.412653e+010 3.760029e+010 
4.133460e+010 4.064979e+010 
3.833245e+010 4.349254e+010 
3.513533e+010 4.611409e+010 
3.175952e+010 4.850112e+010 
2.822218e+010 5.064148e+010 
2.454130e+010 5.252428e+010 
2.073561e+010 5.413997e+010 
1.682445e+010 5.548031e+010 
1.282773e+010 5.653851e+010 
8.765775e+009 5.730917e+010 
4.659231e+009 5.778839e+010 
5.289894e+008 5.797373e+010 
-3.603947e+009 5.786425e+010 
-7.718561e+009 5.746051e+010 
-1.179393e+010 5.676457e+010 
-1.580932e+010 5.577997e+010 
-1.974433e+010 5.451172e+010 
-2.357894e+010 5.296627e+010 
-2.729366e+010 5.115148e+010 
-3.086959e+010 4.907659e+010 
-3.428856e+010 4.675214e+010 
-3.753318e+010 4.418997e+010 
-4.058695e+010 4.140309e+010 
-4.343435e+010 3.840569e+010 
-4.606091e+010 3.521300e+010 
-4.845326e+010 3.184126e+010 
-5.059925e+010 2.830762e+010 
-5.248797e+010 2.463005e+010 
-5.410982e+010 2.082724e+010 
-5.545655e+010 1.691853e+010 
-5.652132e+010 1.292379e+010 
-5.729871e+010 8.863346e+009 
-5.778478e+010 4.757830e+009 
-5.797706e+010 6.281190e+008 
-5.787457e+010 -3.504790e+009 
-5.747783e+010 -7.619884e+009 
-5.678886e+010 -1.169624e+010 
-5.581117e+010 -1.571314e+010 
-5.454973e+010 -1.965015e+010 
-5.301095e+010 -2.348727e+010 
-5.120266e+010 -2.720498e+010 
-4.913405e+010 -3.078438e+010 
-4.681564e+010 -3.420727e+010 
-4.425922e+010 -3.745627e+010 
-4.147778e+010 -4.051483e+010 
-3.848547e+010 -4.336743e+010 
-3.529750e+010 -4.599955e+010 
-3.193007e+010 -4.839782e+010 
-2.840031e+010 -5.055004e+010 
-2.472617e+010 -5.244527e+010 
-2.092631e+010 -5.407388e+010 
-1.702007e+010 -5.542758e+010 
-1.302729e+010 -5.649950e+010 
-8.968277e+009 -5.728419e+010 
-4.863668e+009 -5.777765e+010 
-7.343294e+008 -5.797738e+010 
3.398747e+009 -5.788237e+010 
7.514550e+009 -5.749310e+010 
1.159215e+010 -5.681154e+010 
1.561083e+010 -5.584116e+010 
1.955015e+010 -5.458689e+010 
2.339009e+010 -5.305512e+010 
2.711112e+010 -5.125363e+010 
3.069432e+010 -4.919157e+010 
3.412149e+010 -4.687944e+010 
3.737520e+010 -4.432898e+010 
4.043891e+010 -4.155316e+010 
4.329704e+010 -3.856609e+010 
4.593507e+010 -3.538297e+010 
4.833958e+010 -3.201996e+010 
5.049835e+010 -2.849418e+010 
5.240041e+010 -2.482353e+010 
5.403609e+010 -2.102669e+010 
5.539707e+010 -1.712296e+010 
5.647644e+010 -1.313217e+010 
5.726871e+010 -9.074623e+009 
5.776986e+010 -4.970939e+009 
5.797733e+010 -8.419812e+008 
5.789008e+010 3.291261e+009 
5.750855e+010 7.407777e+009 
5.683468e+010 1.148664e+010 
5.587189e+010 1.550712e+010 
5.462509e+010 1.944877e+010 
5.310062e+010 2.329157e+010 
5.130622e+010 2.701597e+010 
4.925102e+010 3.060305e+010 
4.694546e+010 3.403457e+010 
4.440127e+010 3.729309e+010 
4.163139e+010 4.036205e+010 
3.864988e+010 4.322586e+010 
3.547192e+010 4.586995e+010 
3.211365e+010 4.828089e+010 
2.859215e+010 5.044642e+010 
2.492531e+010 5.235555e+010 
2.113178e+010 5.399856e+010 
1.723084e+010 5.536712e+010 
1.324231e+010 5.645426e+010 
9.186477e+009 5.725447e+010 
5.083945e+009 5.776367e+010 
9.555702e+008 5.797929e+010 
-3.177666e+009 5.790024e+010 
-7.294756e+009 5.752690e+010 
-1.137478e+010 5.686120e+010 
-1.539699e+010 5.590650e+010 
-1.934096e+010 5.466767e+010 
-2.318663e+010 5.315101e+010 
-2.691447e+010 5.136422e+010 
-3.050554e+010 4.931640e+010 
-3.394157e+010 4.701794e+010 
-3.720512e+010 4.448053e+010 
-4.027960e+010 4.171707e+010 
-4.314938e+010 3.874160e+010 
-4.579988e+010 3.556925e+010 
-4.821764e+010 3.221614e+010 
-5.039037e+010 2.869931e+010 
-5.230703e+010 2.503664e+010 
-5.395789e+010 2.124673e+010 
-5.533455e+010 1.734885e+010 
-5.643002e+010 1.336280e+010 
-5.723875e+010 9.308849e+009 
-5.775661e+010 5.207588e+009 
-5.798098e+010 1.079860e+009 
-5.791073e+010 -3.053359e+009 
-5.754620e+010 -7.171068e+009 
-5.688927e+010 -1.125234e+010 
-5.594325e+010 -1.527644e+010 
-5.471297e+010 -1.922292e+010 
-5.320467e+010 -2.307173e+010 
-5.142602e+010 -2.680331e+010 
-4.938607e+010 -3.039870e+010 
-4.709517e+010 -3.383963e+010 
-4.456497e+010 -3.710861e+010 
-4.180832e+010 -4.018905e+010 
-3.883923e+010 -4.306528e+010 
-3.567280e+010 -4.572269e+010 
-3.232510e+010 -4.814779e+010 
-2.881316e+010 -5.032824e+010 
-2.515481e+010 -5.225298e+010 
-2.136864e+010 -5.391222e+010 
-1.747389e+010 -5.529753e+010 
-1.349035e+010 -5.640187e+010 
-9.438267e+009 -5.721964e+010 
-5.338222e+009 -5.774667e+010 
-1.211049e+009 -5.798030e+010 
2.922282e+009 -5.791933e+010 
7.040770e+009 -5.756408e+010 
1.112349e+010 -5.691635e+010 
1.514969e+010 -5.597943e+010 
1.909893e+010 -5.475809e+010 
2.295113e+010 -5.325853e+010 
2.668672e+010 -5.148836e+010 
3.028673e+010 -4.945659e+010 
3.373286e+010 -4.717354e+010 
3.700760e+010 -4.465080e+010 
4.009432e+010 -4.190121e+010 
4.297733e+010 -3.893871e+010 
4.564199e+010 -3.577838e+010 
4.807476e+010 -3.243627e+010 
5.026328e+010 -2.892935e+010 
5.219642e+010 -2.527545e+010 
5.386438e+010 -2.149312e+010 
5.525868e+010 -1.760160e+010 
5.637222e+010 -1.362064e+010 
5.719937e+010 -9.570483e+009 
5.773591e+010 -5.471695e+009 
5.797913e+010 -1.345103e+009 
5.792778e+010 2.788327e+009 
5.758213e+010 6.907596e+009 
5.694394e+010 1.099178e+010 
5.601646e+010 1.502012e+010 
5.480439e+010 1.897216e+010 
5.331389e+010 2.282781e+010 
5.155254e+010 2.656750e+010 
4.952929e+010 3.017223e+010 
4.725442e+010 3.362367e+010 
4.473948e+010 3.690431e+010 
4.199726e+010 3.999747e+010 
3.904169e+010 4.288745e+010 
3.588778e+010 4.555955e+010 
3.255155e+010 4.800022e+010 
2.904997e+010 5.019705e+010 
2.540080e+010 5.213889e+010 
2.162261e+010 5.381587e+010 
1.773456e+010 5.521947e+010 
1.375643e+010 5.634258e+010 
9.708410e+009 5.717948e+010 
5.611072e+009 5.772593e+010 
1.485228e+009 5.797915e+010 
-2.648166e+009 5.793786e+010 
-6.768112e+009 5.760227e+010 
-1.085368e+010 5.697409e+010 
-1.488413e+010 5.605651e+010 
-1.883898e+010 5.485420e+010 
-2.269814e+010 5.337326e+010 
-2.644201e+010 5.162123e+010 
-3.005159e+010 4.960699e+010 
-3.350853e+010 4.734078e+010 
-3.679527e+010 4.483412e+010 
-3.989513e+010 4.209974e+010 
-4.279237e+010 3.915153e+010 
-4.547226e+010 3.600446e+010 
-4.792120e+010 3.267452e+010 
-5.012676e+010 2.917862e+010 
-5.207772e+010 2.553453e+010 
-5.376419e+010 2.176074e+010 
-5.517761e+010 1.787644e+010 
-5.631079e+010 1.390133e+010 
-5.715798e+010 9.855622e+009 
-5.771488e+010 5.759854e+009 
-5.797867e+010 1.634829e+009 
-5.794801e+010 -2.498503e+009 
-5.762304e+010 -6.619150e+009 
-5.700544e+010 -1.070619e+010 
-5.609832e+010 -1.473886e+010 
-5.490631e+010 -1.869668e+010 
-5.343546e+010 -2.255955e+010 
-5.169324e+010 -2.630786e+010 
-4.968849e+010 -2.992257e+010 
-4.743140e+010 -3.338533e+010 
-4.493344e+010 -3.667855e+010 
-4.220728e+010 -3.978550e+010 
-3.926678e+010 -4.269041e+010 
-3.612687e+010 -4.537854e+010 
-3.280349e+010 -4.783621e+010 
-2.931352e+010 -5.005097e+010 
-2.567469e+010 -5.201156e+010 
-2.190547e+010 -5.370803e+010 
-1.802501e+010 -5.513175e+010 
-1.405301e+010 -5.627551e+010 
-1.000964e+010 -5.713350e+010 
-5.915441e+009 -5.770136e+010 
-1.791195e+009 -5.797620e+010 
2.342151e+009 -5.795664e+010 
6.463607e+009 -5.764276e+010 
1.055225e+010 -5.703618e+010 
1.458730e+010 -5.613996e+010 
1.854829e+010 -5.495867e+010 
2.241510e+010 -5.349829e+010 
2.616808e+010 -5.176625e+010 
2.978819e+010 -4.977134e+010 
3.325705e+010 -4.752369e+010 
3.655703e+010 -4.503473e+010 
3.967138e+010 -4.231708e+010 
4.258429e+010 -3.938454e+010 
4.528096e+010 -3.625202e+010 
4.774772e+010 -3.293541e+010 
4.997202e+010 -2.945156e+010 
5.194258e+010 -2.581815e+010 
5.364939e+010 -2.205365e+010 
5.508379e+010 -1.817716e+010 
5.623849e+010 -1.420837e+010 
5.710764e+010 -1.016743e+010 
5.768681e+010 -6.074858e+009 
5.797308e+010 -1.951436e+009 
5.796498e+010 2.181898e+009 
5.766257e+010 6.304158e+009 
5.706737e+010 1.039441e+010 
5.618242e+010 1.443190e+010 
5.501221e+010 1.839611e+010 
5.356267e+010 2.226692e+010 
5.184118e+010 2.602467e+010 
4.985647e+010 2.965030e+010 
4.761862e+010 3.312539e+010 
4.513900e+010 3.643229e+010 
4.243020e+010 3.955423e+010 
3.950597e+010 4.247534e+010 
3.638116e+010 4.518080e+010 
3.307163e+010 4.765689e+010 
2.959420e+010 4.989101e+010 
2.596651e+010 5.187185e+010 
2.220699e+010 5.358933e+010 
1.833472e+010 5.503475e+010 
1.436936e+010 5.620076e+010 
1.033105e+010 5.708145e+010 
6.240286e+009 5.767235e+010 
2.117836e+009 5.797047e+010 
-2.015370e+009 5.797428e+010 
-6.138350e+009 5.768378e+010 
-1.023017e+010 5.710045e+010 
-1.427006e+010 5.622723e+010 
