731 2
-2.871000e+012 0.000000e+000 
-2.871000e+012 -5.879542e+008 
-2.871000e+012 -1.175908e+009 
-2.870999e+012 -1.763863e+009 
-2.870999e+012 -2.351817e+009 
-2.870998e+012 -2.939771e+009 
-2.870998e+012 -3.527725e+009 
-2.870997e+012 -4.115678e+009 
-2.870996e+012 -4.703632e+009 
-2.870995e+012 -5.291585e+009 
-2.870994e+012 -5.879538e+009 
-2.870993e+012 -6.467491e+009 
-2.870991e+012 -7.055444e+009 
-2.870990e+012 -7.643396e+009 
-2.870988e+012 -8.231348e+009 
-2.870986e+012 -8.819300e+009 
-2.870985e+012 -9.407251e+009 
-2.870983e+012 -9.995202e+009 
-2.870981e+012 -1.058315e+010 
-2.870978e+012 -1.117110e+010 
-2.870976e+012 -1.175905e+010 
-2.870973e+012 -1.234700e+010 
-2.870971e+012 -1.293495e+010 
-2.870968e+012 -1.352290e+010 
-2.870965e+012 -1.411085e+010 
-2.870962e+012 -1.469879e+010 
-2.870959e+012 -1.528674e+010 
-2.870956e+012 -1.587468e+010 
-2.870953e+012 -1.646263e+010 
-2.870949e+012 -1.705057e+010 
-2.870946e+012 -1.763852e+010 
-2.870942e+012 -1.822646e+010 
-2.870938e+012 -1.881440e+010 
-2.870935e+012 -1.940234e+010 
-2.870931e+012 -1.999028e+010 
-2.870926e+012 -2.057822e+010 
-2.870922e+012 -2.116616e+010 
-2.870918e+012 -2.175410e+010 
-2.870913e+012 -2.234204e+010 
-2.870909e+012 -2.292997e+010 
-2.870904e+012 -2.351791e+010 
-2.870899e+012 -2.410584e+010 
-2.870894e+012 -2.469377e+010 
-2.870889e+012 -2.528171e+010 
-2.870884e+012 -2.586964e+010 
-2.870878e+012 -2.645757e+010 
-2.870873e+012 -2.704550e+010 
-2.870867e+012 -2.763342e+010 
-2.870861e+012 -2.822135e+010 
-2.870856e+012 -2.880928e+010 
-2.870850e+012 -2.939720e+010 
-2.870844e+012 -2.998512e+010 
-2.870837e+012 -3.057304e+010 
-2.870831e+012 -3.116096e+010 
-2.870825e+012 -3.174888e+010 
-2.870818e+012 -3.233680e+010 
-2.870811e+012 -3.292472e+010 
-2.870805e+012 -3.351263e+010 
-2.870798e+012 -3.410055e+010 
-2.870791e+012 -3.468846e+010 
-2.870784e+012 -3.527637e+010 
-2.870776e+012 -3.586428e+010 
-2.870769e+012 -3.645219e+010 
-2.870761e+012 -3.704009e+010 
-2.870754e+012 -3.762800e+010 
-2.870746e+012 -3.821590e+010 
-2.870738e+012 -3.880380e+010 
-2.870730e+012 -3.939170e+010 
-2.870722e+012 -3.997960e+010 
-2.870714e+012 -4.056750e+010 
-2.870705e+012 -4.115539e+010 
-2.870697e+012 -4.174328e+010 
-2.870688e+012 -4.233117e+010 
-2.870680e+012 -4.291906e+010 
-2.870671e+012 -4.350695e+010 
-2.870662e+012 -4.409484e+010 
-2.870653e+012 -4.468272e+010 
-2.870644e+012 -4.527060e+010 
-2.870634e+012 -4.585848e+010 
-2.870625e+012 -4.644636e+010 
-2.870615e+012 -4.703424e+010 
-2.870606e+012 -4.762211e+010 
-2.870596e+012 -4.820999e+010 
-2.870586e+012 -4.879786e+010 
-2.870576e+012 -4.938572e+010 
-2.870566e+012 -4.997359e+010 
-2.870555e+012 -5.056146e+010 
-2.870545e+012 -5.114932e+010 
-2.870534e+012 -5.173718e+010 
-2.870524e+012 -5.232504e+010 
-2.870513e+012 -5.291289e+010 
-2.870502e+012 -5.350074e+010 
-2.870491e+012 -5.408860e+010 
-2.870480e+012 -5.467644e+010 
-2.870469e+012 -5.526429e+010 
-2.870457e+012 -5.585214e+010 
-2.870446e+012 -5.643998e+010 
-2.870434e+012 -5.702782e+010 
-2.870423e+012 -5.761565e+010 
-2.870411e+012 -5.820349e+010 
-2.870399e+012 -5.879132e+010 
-2.870387e+012 -5.937915e+010 
-2.870375e+012 -5.996698e+010 
-2.870362e+012 -6.055480e+010 
-2.870350e+012 -6.114263e+010 
-2.870337e+012 -6.173045e+010 
-2.870325e+012 -6.231826e+010 
-2.870312e+012 -6.290608e+010 
-2.870299e+012 -6.349389e+010 
-2.870286e+012 -6.408170e+010 
-2.870273e+012 -6.466951e+010 
-2.870259e+012 -6.525731e+010 
-2.870246e+012 -6.584511e+010 
-2.870232e+012 -6.643291e+010 
-2.870219e+012 -6.702070e+010 
-2.870205e+012 -6.760850e+010 
-2.870191e+012 -6.819629e+010 
-2.870177e+012 -6.878407e+010 
-2.870163e+012 -6.937186e+010 
-2.870149e+012 -6.995964e+010 
-2.870134e+012 -7.054742e+010 
-2.870120e+012 -7.113519e+010 
-2.870105e+012 -7.172297e+010 
-2.870091e+012 -7.231074e+010 
-2.870076e+012 -7.289850e+010 
-2.870061e+012 -7.348627e+010 
-2.870046e+012 -7.407403e+010 
-2.870030e+012 -7.466178e+010 
-2.870015e+012 -7.524954e+010 
-2.870000e+012 -7.583729e+010 
-2.869984e+012 -7.642504e+010 
-2.869968e+012 -7.701278e+010 
-2.869953e+012 -7.760052e+010 
-2.869937e+012 -7.818826e+010 
-2.869921e+012 -7.877600e+010 
-2.869904e+012 -7.936373e+010 
-2.869888e+012 -7.995146e+010 
-2.869872e+012 -8.053918e+010 
-2.869855e+012 -8.112690e+010 
-2.869839e+012 -8.171462e+010 
-2.869822e+012 -8.230234e+010 
-2.869805e+012 -8.289005e+010 
-2.869788e+012 -8.347775e+010 
-2.869771e+012 -8.406546e+010 
-2.869754e+012 -8.465316e+010 
-2.869736e+012 -8.524086e+010 
-2.869719e+012 -8.582855e+010 
-2.869701e+012 -8.641624e+010 
-2.869683e+012 -8.700393e+010 
-2.869666e+012 -8.759161e+010 
-2.869648e+012 -8.817929e+010 
-2.869629e+012 -8.876696e+010 
-2.869611e+012 -8.935464e+010 
-2.869593e+012 -8.994230e+010 
-2.869574e+012 -9.052997e+010 
-2.869556e+012 -9.111763e+010 
-2.869537e+012 -9.170528e+010 
-2.869518e+012 -9.229294e+010 
-2.869499e+012 -9.288059e+010 
-2.869480e+012 -9.346823e+010 
-2.869461e+012 -9.405587e+010 
-2.869442e+012 -9.464351e+010 
-2.869423e+012 -9.523114e+010 
-2.869403e+012 -9.581877e+010 
-2.869383e+012 -9.640640e+010 
-2.869364e+012 -9.699402e+010 
-2.869344e+012 -9.758164e+010 
-2.869324e+012 -9.816925e+010 
-2.869304e+012 -9.875686e+010 
-2.869283e+012 -9.934446e+010 
-2.869263e+012 -9.993206e+010 
-2.869242e+012 -1.005197e+011 
-2.869222e+012 -1.011073e+011 
-2.869201e+012 -1.016948e+011 
-2.869180e+012 -1.022824e+011 
-2.869159e+012 -1.028700e+011 
-2.869138e+012 -1.034576e+011 
-2.869117e+012 -1.040451e+011 
-2.869096e+012 -1.046327e+011 
-2.869074e+012 -1.052203e+011 
-2.869053e+012 -1.058078e+011 
-2.869031e+012 -1.063954e+011 
-2.869009e+012 -1.069829e+011 
-2.868987e+012 -1.075705e+011 
-2.868965e+012 -1.081580e+011 
-2.868943e+012 -1.087456e+011 
-2.868921e+012 -1.093331e+011 
-2.868898e+012 -1.099206e+011 
-2.868876e+012 -1.105081e+011 
-2.868853e+012 -1.110957e+011 
-2.868830e+012 -1.116832e+011 
-2.868807e+012 -1.122707e+011 
-2.868784e+012 -1.128582e+011 
-2.868761e+012 -1.134457e+011 
-2.868738e+012 -1.140332e+011 
-2.868714e+012 -1.146207e+011 
-2.868691e+012 -1.152081e+011 
-2.868667e+012 -1.157956e+011 
-2.868644e+012 -1.163831e+011 
-2.868620e+012 -1.169706e+011 
-2.868596e+012 -1.175580e+011 
-2.868572e+012 -1.181455e+011 
-2.868547e+012 -1.187329e+011 
-2.868523e+012 -1.193204e+011 
-2.868499e+012 -1.199078e+011 
-2.868474e+012 -1.204953e+011 
-2.868449e+012 -1.210827e+011 
-2.868425e+012 -1.216701e+011 
-2.868400e+012 -1.222576e+011 
-2.868375e+012 -1.228450e+011 
-2.868349e+012 -1.234324e+011 
-2.868324e+012 -1.240198e+011 
-2.868299e+012 -1.246072e+011 
-2.868273e+012 -1.251946e+011 
-2.868247e+012 -1.257820e+011 
-2.868222e+012 -1.263694e+011 
-2.868196e+012 -1.269568e+011 
-2.868170e+012 -1.275441e+011 
-2.868144e+012 -1.281315e+011 
-2.868117e+012 -1.287189e+011 
-2.868091e+012 -1.293062e+011 
-2.868064e+012 -1.298936e+011 
-2.868038e+012 -1.304810e+011 
-2.868011e+012 -1.310683e+011 
-2.867984e+012 -1.316556e+011 
-2.867957e+012 -1.322430e+011 
-2.867930e+012 -1.328303e+011 
-2.867903e+012 -1.334176e+011 
-2.867876e+012 -1.340049e+011 
-2.867848e+012 -1.345922e+011 
-2.867821e+012 -1.351796e+011 
-2.867793e+012 -1.357669e+011 
-2.867765e+012 -1.363541e+011 
-2.867737e+012 -1.369414e+011 
-2.867709e+012 -1.375287e+011 
-2.867681e+012 -1.381160e+011 
-2.867653e+012 -1.387033e+011 
-2.867624e+012 -1.392905e+011 
-2.867596e+012 -1.398778e+011 
-2.867567e+012 -1.404651e+011 
-2.867538e+012 -1.410523e+011 
-2.867509e+012 -1.416395e+011 
-2.867480e+012 -1.422268e+011 
-2.867451e+012 -1.428140e+011 
-2.867422e+012 -1.434012e+011 
-2.867392e+012 -1.439885e+011 
-2.867363e+012 -1.445757e+011 
-2.867333e+012 -1.451629e+011 
-2.867304e+012 -1.457501e+011 
-2.867274e+012 -1.463373e+011 
-2.867244e+012 -1.469245e+011 
-2.867214e+012 -1.475116e+011 
-2.867183e+012 -1.480988e+011 
-2.867153e+012 -1.486860e+011 
-2.867123e+012 -1.492731e+011 
-2.867092e+012 -1.498603e+011 
-2.867061e+012 -1.504475e+011 
-2.867030e+012 -1.510346e+011 
-2.867000e+012 -1.516217e+011 
-2.866968e+012 -1.522089e+011 
-2.866937e+012 -1.527960e+011 
-2.866906e+012 -1.533831e+011 
-2.866875e+012 -1.539702e+011 
-2.866843e+012 -1.545573e+011 
-2.866811e+012 -1.551444e+011 
-2.866780e+012 -1.557315e+011 
-2.866748e+012 -1.563186e+011 
-2.866716e+012 -1.569057e+011 
-2.866683e+012 -1.574928e+011 
-2.866651e+012 -1.580798e+011 
-2.866619e+012 -1.586669e+011 
-2.866586e+012 -1.592539e+011 
-2.866554e+012 -1.598410e+011 
-2.866521e+012 -1.604280e+011 
-2.866488e+012 -1.610151e+011 
-2.866455e+012 -1.616021e+011 
-2.866422e+012 -1.621891e+011 
-2.866389e+012 -1.627761e+011 
-2.866355e+012 -1.633631e+011 
-2.866322e+012 -1.639501e+011 
-2.866288e+012 -1.645371e+011 
-2.866255e+012 -1.651241e+011 
-2.866221e+012 -1.657111e+011 
-2.866187e+012 -1.662981e+011 
-2.866153e+012 -1.668850e+011 
-2.866119e+012 -1.674720e+011 
-2.866084e+012 -1.680589e+011 
-2.866050e+012 -1.686459e+011 
-2.866015e+012 -1.692328e+011 
-2.865981e+012 -1.698197e+011 
-2.865946e+012 -1.704067e+011 
-2.865911e+012 -1.709936e+011 
-2.865876e+012 -1.715805e+011 
-2.865841e+012 -1.721674e+011 
-2.865806e+012 -1.727543e+011 
-2.865770e+012 -1.733412e+011 
-2.865735e+012 -1.739281e+011 
-2.865699e+012 -1.745149e+011 
-2.865663e+012 -1.751018e+011 
-2.865627e+012 -1.756886e+011 
-2.865591e+012 -1.762755e+011 
-2.865555e+012 -1.768623e+011 
-2.865519e+012 -1.774492e+011 
-2.865483e+012 -1.780360e+011 
-2.865446e+012 -1.786228e+011 
-2.865410e+012 -1.792096e+011 
-2.865373e+012 -1.797964e+011 
-2.865336e+012 -1.803832e+011 
-2.865299e+012 -1.809700e+011 
-2.865262e+012 -1.815568e+011 
-2.865225e+012 -1.821436e+011 
-2.865188e+012 -1.827304e+011 
-2.865150e+012 -1.833171e+011 
-2.865113e+012 -1.839039e+011 
-2.865075e+012 -1.844906e+011 
-2.865037e+012 -1.850774e+011 
-2.864999e+012 -1.856641e+011 
-2.864961e+012 -1.862508e+011 
-2.864923e+012 -1.868375e+011 
-2.864885e+012 -1.874242e+011 
-2.864847e+012 -1.880109e+011 
-2.864808e+012 -1.885976e+011 
-2.864769e+012 -1.891843e+011 
-2.864731e+012 -1.897710e+011 
-2.864692e+012 -1.903576e+011 
-2.864653e+012 -1.909443e+011 
-2.864614e+012 -1.915309e+011 
-2.864575e+012 -1.921176e+011 
-2.864535e+012 -1.927042e+011 
-2.864496e+012 -1.932908e+011 
-2.864456e+012 -1.938775e+011 
-2.864416e+012 -1.944641e+011 
-2.864377e+012 -1.950507e+011 
-2.864337e+012 -1.956373e+011 
-2.864297e+012 -1.962239e+011 
-2.864256e+012 -1.968104e+011 
-2.864216e+012 -1.973970e+011 
-2.864176e+012 -1.979836e+011 
-2.864135e+012 -1.985701e+011 
-2.864094e+012 -1.991567e+011 
-2.864054e+012 -1.997432e+011 
-2.864013e+012 -2.003297e+011 
-2.863972e+012 -2.009162e+011 
-2.863931e+012 -2.015028e+011 
-2.863889e+012 -2.020893e+011 
-2.863848e+012 -2.026758e+011 
-2.863806e+012 -2.032622e+011 
-2.863765e+012 -2.038487e+011 
-2.863723e+012 -2.044352e+011 
-2.863681e+012 -2.050216e+011 
-2.863639e+012 -2.056081e+011 
-2.863597e+012 -2.061945e+011 
-2.863555e+012 -2.067810e+011 
-2.863513e+012 -2.073674e+011 
-2.863470e+012 -2.079538e+011 
-2.863428e+012 -2.085402e+011 
-2.863385e+012 -2.091266e+011 
-2.863342e+012 -2.097130e+011 
-2.863299e+012 -2.102994e+011 
-2.863256e+012 -2.108858e+011 
-2.863213e+012 -2.114721e+011 
-2.863169e+012 -2.120585e+011 
-2.863126e+012 -2.126448e+011 
-2.863083e+012 -2.132312e+011 
-2.863039e+012 -2.138175e+011 
-2.862995e+012 -2.144038e+011 
-2.862951e+012 -2.149901e+011 
-2.862907e+012 -2.155764e+011 
-2.862863e+012 -2.161627e+011 
-2.862819e+012 -2.167490e+011 
-2.862774e+012 -2.173353e+011 
-2.862730e+012 -2.179215e+011 
-2.862685e+012 -2.185078e+011 
-2.862641e+012 -2.190940e+011 
-2.862596e+012 -2.196803e+011 
-2.862551e+012 -2.202665e+011 
-2.862506e+012 -2.208527e+011 
-2.862460e+012 -2.214389e+011 
-2.862415e+012 -2.220251e+011 
-2.862370e+012 -2.226113e+011 
-2.862324e+012 -2.231975e+011 
-2.862278e+012 -2.237837e+011 
-2.862232e+012 -2.243698e+011 
-2.862187e+012 -2.249560e+011 
-2.862140e+012 -2.255421e+011 
-2.862094e+012 -2.261283e+011 
-2.862048e+012 -2.267144e+011 
-2.862002e+012 -2.273005e+011 
-2.861955e+012 -2.278866e+011 
-2.861908e+012 -2.284727e+011 
-2.861862e+012 -2.290588e+011 
-2.861815e+012 -2.296449e+011 
-2.861768e+012 -2.302310e+011 
-2.861721e+012 -2.308170e+011 
-2.861673e+012 -2.314031e+011 
-2.861626e+012 -2.319891e+011 
-2.861578e+012 -2.325751e+011 
-2.861531e+012 -2.331612e+011 
-2.861483e+012 -2.337472e+011 
-2.861435e+012 -2.343332e+011 
-2.861387e+012 -2.349192e+011 
-2.861339e+012 -2.355051e+011 
-2.861291e+012 -2.360911e+011 
-2.861243e+012 -2.366771e+011 
-2.861194e+012 -2.372630e+011 
-2.861146e+012 -2.378490e+011 
-2.861097e+012 -2.384349e+011 
-2.861048e+012 -2.390208e+011 
-2.860999e+012 -2.396067e+011 
-2.860950e+012 -2.401926e+011 
-2.860901e+012 -2.407785e+011 
-2.860852e+012 -2.413644e+011 
-2.860802e+012 -2.419503e+011 
-2.860753e+012 -2.425361e+011 
-2.860703e+012 -2.431220e+011 
-2.860653e+012 -2.437078e+011 
-2.860603e+012 -2.442937e+011 
-2.860553e+012 -2.448795e+011 
-2.860503e+012 -2.454653e+011 
-2.860453e+012 -2.460511e+011 
-2.860402e+012 -2.466369e+011 
-2.860352e+012 -2.472227e+011 
-2.860301e+012 -2.478084e+011 
-2.860251e+012 -2.483942e+011 
-2.860200e+012 -2.489799e+011 
-2.860149e+012 -2.495657e+011 
-2.860098e+012 -2.501514e+011 
-2.860047e+012 -2.507371e+011 
-2.859995e+012 -2.513228e+011 
-2.859944e+012 -2.519085e+011 
-2.859892e+012 -2.524942e+011 
-2.859840e+012 -2.530799e+011 
-2.859789e+012 -2.536655e+011 
-2.859737e+012 -2.542512e+011 
-2.859685e+012 -2.548368e+011 
-2.859633e+012 -2.554225e+011 
-2.859580e+012 -2.560081e+011 
-2.859528e+012 -2.565937e+011 
-2.859475e+012 -2.571793e+011 
-2.859423e+012 -2.577649e+011 
-2.859370e+012 -2.583505e+011 
-2.859317e+012 -2.589360e+011 
-2.859264e+012 -2.595216e+011 
-2.859211e+012 -2.601071e+011 
-2.859158e+012 -2.606927e+011 
-2.859104e+012 -2.612782e+011 
-2.859051e+012 -2.618637e+011 
-2.858997e+012 -2.624492e+011 
-2.858943e+012 -2.630347e+011 
-2.858890e+012 -2.636202e+011 
-2.858836e+012 -2.642056e+011 
-2.858782e+012 -2.647911e+011 
-2.858727e+012 -2.653765e+011 
-2.858673e+012 -2.659620e+011 
-2.858619e+012 -2.665474e+011 
-2.858564e+012 -2.671328e+011 
-2.858509e+012 -2.677182e+011 
-2.858454e+012 -2.683036e+011 
-2.858400e+012 -2.688890e+011 
-2.858345e+012 -2.694744e+011 
-2.858289e+012 -2.700597e+011 
-2.858234e+012 -2.706451e+011 
-2.858179e+012 -2.712304e+011 
-2.858123e+012 -2.718157e+011 
-2.858068e+012 -2.724010e+011 
-2.858012e+012 -2.729863e+011 
-2.857956e+012 -2.735716e+011 
-2.857900e+012 -2.741569e+011 
-2.857844e+012 -2.747422e+011 
-2.857788e+012 -2.753274e+011 
-2.857731e+012 -2.759127e+011 
-2.857675e+012 -2.764979e+011 
-2.857618e+012 -2.770831e+011 
-2.857561e+012 -2.776683e+011 
-2.857505e+012 -2.782535e+011 
-2.857448e+012 -2.788387e+011 
-2.857390e+012 -2.794239e+011 
-2.857333e+012 -2.800090e+011 
-2.857276e+012 -2.805942e+011 
-2.857219e+012 -2.811793e+011 
-2.857161e+012 -2.817644e+011 
-2.857103e+012 -2.823496e+011 
-2.857046e+012 -2.829347e+011 
-2.856988e+012 -2.835197e+011 
-2.856930e+012 -2.841048e+011 
-2.856871e+012 -2.846899e+011 
-2.856813e+012 -2.852749e+011 
-2.856755e+012 -2.858600e+011 
-2.856696e+012 -2.864450e+011 
-2.856638e+012 -2.870300e+011 
-2.856579e+012 -2.876150e+011 
-2.856520e+012 -2.882000e+011 
-2.856461e+012 -2.887850e+011 
-2.856402e+012 -2.893700e+011 
-2.856343e+012 -2.899550e+011 
-2.856283e+012 -2.905399e+011 
-2.856224e+012 -2.911248e+011 
-2.856164e+012 -2.917098e+011 
-2.856105e+012 -2.922947e+011 
-2.856045e+012 -2.928796e+011 
-2.855985e+012 -2.934644e+011 
-2.855925e+012 -2.940493e+011 
-2.855864e+012 -2.946342e+011 
-2.855804e+012 -2.952190e+011 
-2.855744e+012 -2.958039e+011 
-2.855683e+012 -2.963887e+011 
-2.855623e+012 -2.969735e+011 
-2.855562e+012 -2.975583e+011 
-2.855501e+012 -2.981431e+011 
-2.855440e+012 -2.987279e+011 
-2.855379e+012 -2.993126e+011 
-2.855317e+012 -2.998974e+011 
-2.855256e+012 -3.004821e+011 
-2.855195e+012 -3.010668e+011 
-2.855133e+012 -3.016515e+011 
-2.855071e+012 -3.022362e+011 
-2.855009e+012 -3.028209e+011 
-2.854947e+012 -3.034056e+011 
-2.854885e+012 -3.039903e+011 
-2.854823e+012 -3.045749e+011 
-2.854761e+012 -3.051595e+011 
-2.854698e+012 -3.057442e+011 
-2.854636e+012 -3.063288e+011 
-2.854573e+012 -3.069134e+011 
-2.854510e+012 -3.074980e+011 
-2.854447e+012 -3.080825e+011 
-2.854384e+012 -3.086671e+011 
-2.854321e+012 -3.092516e+011 
-2.854258e+012 -3.098362e+011 
-2.854194e+012 -3.104207e+011 
-2.854131e+012 -3.110052e+011 
-2.854067e+012 -3.115897e+011 
-2.854003e+012 -3.121742e+011 
-2.853939e+012 -3.127586e+011 
-2.853875e+012 -3.133431e+011 
-2.853811e+012 -3.139275e+011 
-2.853747e+012 -3.145119e+011 
-2.853683e+012 -3.150964e+011 
-2.853618e+012 -3.156808e+011 
-2.853553e+012 -3.162652e+011 
-2.853489e+012 -3.168495e+011 
-2.853424e+012 -3.174339e+011 
-2.853359e+012 -3.180182e+011 
-2.853294e+012 -3.186026e+011 
-2.853229e+012 -3.191869e+011 
-2.853163e+012 -3.197712e+011 
-2.853098e+012 -3.203555e+011 
-2.853032e+012 -3.209398e+011 
-2.852967e+012 -3.215240e+011 
-2.852901e+012 -3.221083e+011 
-2.852835e+012 -3.226925e+011 
-2.852769e+012 -3.232768e+011 
-2.852703e+012 -3.238610e+011 
-2.852636e+012 -3.244452e+011 
-2.852570e+012 -3.250294e+011 
-2.852503e+012 -3.256135e+011 
-2.852437e+012 -3.261977e+011 
-2.852370e+012 -3.267818e+011 
-2.852303e+012 -3.273660e+011 
-2.852236e+012 -3.279501e+011 
-2.852169e+012 -3.285342e+011 
-2.852102e+012 -3.291183e+011 
-2.852034e+012 -3.297024e+011 
-2.851967e+012 -3.302864e+011 
-2.851899e+012 -3.308705e+011 
-2.851832e+012 -3.314545e+011 
-2.851764e+012 -3.320385e+011 
-2.851696e+012 -3.326226e+011 
-2.851628e+012 -3.332065e+011 
-2.851560e+012 -3.337905e+011 
-2.851491e+012 -3.343745e+011 
-2.851423e+012 -3.349584e+011 
-2.851354e+012 -3.355424e+011 
-2.851286e+012 -3.361263e+011 
-2.851217e+012 -3.367102e+011 
-2.851148e+012 -3.372941e+011 
-2.851079e+012 -3.378780e+011 
-2.851010e+012 -3.384619e+011 
-2.850940e+012 -3.390457e+011 
-2.850871e+012 -3.396296e+011 
-2.850802e+012 -3.402134e+011 
-2.850732e+012 -3.407972e+011 
-2.850662e+012 -3.413810e+011 
-2.850592e+012 -3.419648e+011 
-2.850522e+012 -3.425485e+011 
-2.850452e+012 -3.431323e+011 
-2.850382e+012 -3.437160e+011 
-2.850312e+012 -3.442998e+011 
-2.850241e+012 -3.448835e+011 
-2.850171e+012 -3.454672e+011 
-2.850100e+012 -3.460508e+011 
-2.850029e+012 -3.466345e+011 
-2.849958e+012 -3.472182e+011 
-2.849887e+012 -3.478018e+011 
-2.849816e+012 -3.483854e+011 
-2.849745e+012 -3.489690e+011 
-2.849673e+012 -3.495526e+011 
-2.849602e+012 -3.501362e+011 
-2.849530e+012 -3.507198e+011 
-2.849458e+012 -3.513033e+011 
-2.849386e+012 -3.518869e+011 
-2.849314e+012 -3.524704e+011 
-2.849242e+012 -3.530539e+011 
-2.849170e+012 -3.536374e+011 
-2.849098e+012 -3.542208e+011 
-2.849025e+012 -3.548043e+011 
-2.848952e+012 -3.553878e+011 
-2.848880e+012 -3.559712e+011 
-2.848807e+012 -3.565546e+011 
-2.848734e+012 -3.571380e+011 
-2.848661e+012 -3.577214e+011 
-2.848588e+012 -3.583048e+011 
-2.848514e+012 -3.588881e+011 
-2.848441e+012 -3.594715e+011 
-2.848367e+012 -3.600548e+011 
-2.848294e+012 -3.606381e+011 
-2.848220e+012 -3.612214e+011 
-2.848146e+012 -3.618047e+011 
-2.848072e+012 -3.623879e+011 
-2.847998e+012 -3.629712e+011 
-2.847923e+012 -3.635544e+011 
-2.847849e+012 -3.641377e+011 
-2.847774e+012 -3.647209e+011 
-2.847700e+012 -3.653041e+011 
-2.847625e+012 -3.658872e+011 
-2.847550e+012 -3.664704e+011 
-2.847475e+012 -3.670535e+011 
-2.847400e+012 -3.676367e+011 
-2.847325e+012 -3.682198e+011 
-2.847250e+012 -3.688029e+011 
-2.847174e+012 -3.693860e+011 
-2.847098e+012 -3.699690e+011 
-2.847023e+012 -3.705521e+011 
-2.846947e+012 -3.711351e+011 
-2.846871e+012 -3.717181e+011 
-2.846795e+012 -3.723011e+011 
-2.846719e+012 -3.728841e+011 
-2.846642e+012 -3.734671e+011 
-2.846566e+012 -3.740501e+011 
-2.846489e+012 -3.746330e+011 
-2.846413e+012 -3.752159e+011 
-2.846336e+012 -3.757988e+011 
-2.846259e+012 -3.763817e+011 
-2.846182e+012 -3.769646e+011 
-2.846105e+012 -3.775475e+011 
-2.846028e+012 -3.781303e+011 
-2.845950e+012 -3.787132e+011 
-2.845873e+012 -3.792960e+011 
-2.845795e+012 -3.798788e+011 
-2.845717e+012 -3.804616e+011 
-2.845640e+012 -3.810443e+011 
-2.845562e+012 -3.816271e+011 
-2.845483e+012 -3.822098e+011 
-2.845405e+012 -3.827925e+011 
-2.845327e+012 -3.833752e+011 
-2.845248e+012 -3.839579e+011 
-2.845170e+012 -3.845406e+011 
-2.845091e+012 -3.851233e+011 
-2.845012e+012 -3.857059e+011 
-2.844933e+012 -3.862885e+011 
-2.844854e+012 -3.868711e+011 
-2.844775e+012 -3.874537e+011 
-2.844696e+012 -3.880363e+011 
-2.844617e+012 -3.886189e+011 
-2.844537e+012 -3.892014e+011 
-2.844457e+012 -3.897839e+011 
-2.844378e+012 -3.903664e+011 
-2.844298e+012 -3.909489e+011 
-2.844218e+012 -3.915314e+011 
-2.844138e+012 -3.921139e+011 
-2.844057e+012 -3.926963e+011 
-2.843977e+012 -3.932787e+011 
-2.843897e+012 -3.938612e+011 
-2.843816e+012 -3.944436e+011 
-2.843735e+012 -3.950259e+011 
-2.843654e+012 -3.956083e+011 
-2.843573e+012 -3.961906e+011 
-2.843492e+012 -3.967730e+011 
-2.843411e+012 -3.973553e+011 
-2.843330e+012 -3.979376e+011 
-2.843248e+012 -3.985199e+011 
-2.843167e+012 -3.991021e+011 
-2.843085e+012 -3.996844e+011 
-2.843003e+012 -4.002666e+011 
-2.842922e+012 -4.008488e+011 
-2.842840e+012 -4.014310e+011 
-2.842757e+012 -4.020132e+011 
-2.842675e+012 -4.025953e+011 
-2.842593e+012 -4.031775e+011 
-2.842510e+012 -4.037596e+011 
-2.842428e+012 -4.043417e+011 
-2.842345e+012 -4.049238e+011 
-2.842262e+012 -4.055059e+011 
-2.842179e+012 -4.060880e+011 
-2.842096e+012 -4.066700e+011 
-2.842013e+012 -4.072520e+011 
-2.841929e+012 -4.078340e+011 
-2.841846e+012 -4.084160e+011 
-2.841762e+012 -4.089980e+011 
-2.841679e+012 -4.095800e+011 
-2.841595e+012 -4.101619e+011 
-2.841511e+012 -4.107438e+011 
-2.841427e+012 -4.113257e+011 
-2.841343e+012 -4.119076e+011 
-2.841258e+012 -4.124895e+011 
-2.841174e+012 -4.130714e+011 
-2.841089e+012 -4.136532e+011 
-2.841005e+012 -4.142350e+011 
-2.840920e+012 -4.148168e+011 
-2.840835e+012 -4.153986e+011 
-2.840750e+012 -4.159804e+011 
-2.840665e+012 -4.165621e+011 
-2.840580e+012 -4.171439e+011 
-2.840494e+012 -4.177256e+011 
-2.840409e+012 -4.183073e+011 
-2.840323e+012 -4.188890e+011 
-2.840238e+012 -4.194706e+011 
-2.840152e+012 -4.200523e+011 
-2.840066e+012 -4.206339e+011 
-2.839980e+012 -4.212155e+011 
-2.839894e+012 -4.217971e+011 
-2.839807e+012 -4.223787e+011 
-2.839721e+012 -4.229602e+011 
-2.839634e+012 -4.235418e+011 
-2.839548e+012 -4.241233e+011 
-2.839461e+012 -4.247048e+011 
-2.839374e+012 -4.252863e+011 
-2.839287e+012 -4.258677e+011 
-2.839200e+012 -4.264492e+011 
-2.839113e+012 -4.270306e+011 
-2.839025e+012 -4.276120e+011 
