731 2
1.496000e+011 0.000000e+000 
1.495779e+011 2.573419e+009 
1.495114e+011 5.146077e+009 
1.494008e+011 7.717211e+009 
1.492459e+011 1.028606e+010 
1.490468e+011 1.285187e+010 
1.488037e+011 1.541387e+010 
1.485164e+011 1.797131e+010 
1.481852e+011 2.052343e+010 
1.478102e+011 2.306947e+010 
1.473914e+011 2.560869e+010 
1.469290e+011 2.814033e+010 
1.464231e+011 3.066364e+010 
1.458738e+011 3.317787e+010 
1.452814e+011 3.568228e+010 
1.446460e+011 3.817613e+010 
1.439677e+011 4.065868e+010 
1.432469e+011 4.312919e+010 
1.424836e+011 4.558694e+010 
1.416782e+011 4.803120e+010 
1.408308e+011 5.046123e+010 
1.399417e+011 5.287634e+010 
1.390113e+011 5.527579e+010 
1.380396e+011 5.765887e+010 
1.370272e+011 6.002490e+010 
1.359741e+011 6.237315e+010 
1.348808e+011 6.470294e+010 
1.337476e+011 6.701358e+010 
1.325748e+011 6.930438e+010 
1.313627e+011 7.157467e+010 
1.301118e+011 7.382377e+010 
1.288223e+011 7.605102e+010 
1.274948e+011 7.825576e+010 
1.261294e+011 8.043733e+010 
1.247268e+011 8.259509e+010 
1.232872e+011 8.472840e+010 
1.218111e+011 8.683663e+010 
1.202990e+011 8.891916e+010 
1.187512e+011 9.097536e+010 
1.171683e+011 9.300463e+010 
1.155507e+011 9.500637e+010 
1.138989e+011 9.697999e+010 
1.122134e+011 9.892490e+010 
1.104947e+011 1.008405e+011 
1.087433e+011 1.027263e+011 
1.069596e+011 1.045816e+011 
1.051443e+011 1.064060e+011 
1.032979e+011 1.081989e+011 
1.014209e+011 1.099598e+011 
9.951389e+010 1.116881e+011 
9.757740e+010 1.133834e+011 
9.561203e+010 1.150451e+011 
9.361835e+010 1.166727e+011 
9.159695e+010 1.182658e+011 
8.954843e+010 1.198238e+011 
8.747341e+010 1.213464e+011 
8.537249e+010 1.228331e+011 
8.324629e+010 1.242834e+011 
8.109544e+010 1.256969e+011 
7.892059e+010 1.270732e+011 
7.672237e+010 1.284119e+011 
7.450143e+010 1.297125e+011 
7.225844e+010 1.309748e+011 
6.999405e+010 1.321983e+011 
6.770894e+010 1.333826e+011 
6.540378e+010 1.345274e+011 
6.307926e+010 1.356324e+011 
6.073606e+010 1.366973e+011 
5.837488e+010 1.377216e+011 
5.599641e+010 1.387052e+011 
5.360136e+010 1.396478e+011 
5.119044e+010 1.405489e+011 
4.876436e+010 1.414085e+011 
4.632385e+010 1.422262e+011 
4.386961e+010 1.430017e+011 
4.140239e+010 1.437350e+011 
3.892291e+010 1.444256e+011 
3.643190e+010 1.450735e+011 
3.393010e+010 1.456785e+011 
3.141826e+010 1.462403e+011 
2.889711e+010 1.467588e+011 
2.636740e+010 1.472338e+011 
2.382989e+010 1.476652e+011 
2.128532e+010 1.480530e+011 
1.873444e+010 1.483968e+011 
1.617802e+010 1.486967e+011 
1.361681e+010 1.489526e+011 
1.105157e+010 1.491644e+011 
8.483048e+009 1.493320e+011 
5.912018e+009 1.494554e+011 
3.339237e+009 1.495345e+011 
7.654671e+008 1.495693e+011 
-1.808530e+009 1.495598e+011 
-4.381991e+009 1.495061e+011 
-6.954154e+009 1.494080e+011 
-9.524257e+009 1.492657e+011 
-1.209154e+010 1.490792e+011 
-1.465524e+010 1.488486e+011 
-1.721460e+010 1.485739e+011 
-1.976887e+010 1.482551e+011 
-2.231727e+010 1.478925e+011 
-2.485907e+010 1.474860e+011 
-2.739351e+010 1.470359e+011 
-2.991983e+010 1.465422e+011 
-3.243728e+010 1.460051e+011 
-3.494514e+010 1.454247e+011 
-3.744264e+010 1.448013e+011 
-3.992905e+010 1.441350e+011 
-4.240363e+010 1.434260e+011 
-4.486565e+010 1.426745e+011 
-4.731438e+010 1.418808e+011 
-4.974910e+010 1.410450e+011 
-5.216908e+010 1.401675e+011 
-5.457361e+010 1.392484e+011 
-5.696197e+010 1.382881e+011 
-5.933346e+010 1.372868e+011 
-6.168737e+010 1.362449e+011 
-6.402301e+010 1.351625e+011 
-6.633969e+010 1.340402e+011 
-6.863671e+010 1.328781e+011 
-7.091340e+010 1.316767e+011 
-7.316908e+010 1.304363e+011 
-7.540308e+010 1.291572e+011 
-7.761475e+010 1.278399e+011 
-7.980342e+010 1.264847e+011 
-8.196846e+010 1.250920e+011 
-8.410921e+010 1.236623e+011 
-8.622504e+010 1.221959e+011 
-8.831532e+010 1.206933e+011 
-9.037945e+010 1.191550e+011 
-9.241679e+010 1.175814e+011 
-9.442676e+010 1.159729e+011 
-9.640875e+010 1.143301e+011 
-9.836218e+010 1.126534e+011 
-1.002865e+011 1.109433e+011 
-1.021810e+011 1.092004e+011 
-1.040453e+011 1.074251e+011 
-1.058788e+011 1.056180e+011 
-1.076809e+011 1.037796e+011 
-1.094511e+011 1.019104e+011 
-1.111889e+011 1.000111e+011 
-1.128937e+011 9.808207e+010 
-1.145651e+011 9.612402e+010 
-1.162025e+011 9.413749e+010 
-1.178056e+011 9.212307e+010 
-1.193737e+011 9.008136e+010 
-1.209064e+011 8.801295e+010 
-1.224033e+011 8.591847e+010 
-1.238639e+011 8.379853e+010 
-1.252879e+011 8.165376e+010 
-1.266747e+011 7.948479e+010 
-1.280240e+011 7.729228e+010 
-1.293353e+011 7.507686e+010 
-1.306083e+011 7.283919e+010 
-1.318427e+011 7.057995e+010 
-1.330379e+011 6.829979e+010 
-1.341938e+011 6.599939e+010 
-1.353098e+011 6.367943e+010 
-1.363858e+011 6.134061e+010 
-1.374214e+011 5.898361e+010 
-1.384162e+011 5.660913e+010 
-1.393701e+011 5.421788e+010 
-1.402826e+011 5.181056e+010 
-1.411536e+011 4.938789e+010 
-1.419827e+011 4.695059e+010 
-1.427698e+011 4.449937e+010 
-1.435145e+011 4.203497e+010 
-1.442168e+011 3.955811e+010 
-1.448763e+011 3.706953e+010 
-1.454929e+011 3.456996e+010 
-1.460663e+011 3.206015e+010 
-1.465965e+011 2.954084e+010 
-1.470832e+011 2.701278e+010 
-1.475264e+011 2.447671e+010 
-1.479258e+011 2.193339e+010 
-1.482814e+011 1.938357e+010 
-1.485931e+011 1.682801e+010 
-1.488607e+011 1.426746e+010 
-1.490842e+011 1.170268e+010 
-1.492635e+011 9.134430e+009 
-1.493987e+011 6.563476e+009 
-1.494895e+011 3.990578e+009 
-1.495360e+011 1.416497e+009 
-1.495383e+011 -1.158004e+009 
-1.494962e+011 -3.732161e+009 
-1.494098e+011 -6.305213e+009 
-1.492791e+011 -8.876396e+009 
-1.491042e+011 -1.144495e+010 
-1.488851e+011 -1.401011e+010 
-1.486219e+011 -1.657112e+010 
-1.483147e+011 -1.912722e+010 
-1.479635e+011 -2.167765e+010 
-1.475685e+011 -2.422166e+010 
-1.471297e+011 -2.675849e+010 
-1.466474e+011 -2.928739e+010 
-1.461215e+011 -3.180761e+010 
-1.455524e+011 -3.431841e+010 
-1.449402e+011 -3.681904e+010 
-1.442850e+011 -3.930876e+010 
-1.435870e+011 -4.178682e+010 
-1.428465e+011 -4.425251e+010 
-1.420637e+011 -4.670509e+010 
-1.412388e+011 -4.914382e+010 
-1.403720e+011 -5.156799e+010 
-1.394636e+011 -5.397688e+010 
-1.385139e+011 -5.636978e+010 
-1.375232e+011 -5.874597e+010 
-1.364917e+011 -6.110476e+010 
-1.354198e+011 -6.344544e+010 
-1.343077e+011 -6.576732e+010 
-1.331558e+011 -6.806971e+010 
-1.319645e+011 -7.035194e+010 
-1.307341e+011 -7.261331e+010 
-1.294649e+011 -7.485317e+010 
-1.281574e+011 -7.707086e+010 
-1.268119e+011 -7.926570e+010 
-1.254289e+011 -8.143706e+010 
-1.240086e+011 -8.358429e+010 
-1.225517e+011 -8.570675e+010 
-1.210584e+011 -8.780382e+010 
-1.195292e+011 -8.987487e+010 
-1.179647e+011 -9.191929e+010 
-1.163651e+011 -9.393648e+010 
-1.147311e+011 -9.592583e+010 
-1.130631e+011 -9.788676e+010 
-1.113616e+011 -9.981869e+010 
-1.096272e+011 -1.017210e+011 
-1.078602e+011 -1.035933e+011 
-1.060613e+011 -1.054348e+011 
-1.042309e+011 -1.072451e+011 
-1.023697e+011 -1.090236e+011 
-1.004781e+011 -1.107698e+011 
-9.855677e+010 -1.124832e+011 
-9.660624e+010 -1.141632e+011 
-9.462709e+010 -1.158095e+011 
-9.261990e+010 -1.174214e+011 
-9.058527e+010 -1.189986e+011 
-8.852380e+010 -1.205405e+011 
-8.643611e+010 -1.220466e+011 
-8.432281e+010 -1.235166e+011 
-8.218453e+010 -1.249501e+011 
-8.002190e+010 -1.263465e+011 
-7.783557e+010 -1.277055e+011 
-7.562617e+010 -1.290266e+011 
-7.339437e+010 -1.303095e+011 
-7.114083e+010 -1.315538e+011 
-6.886622e+010 -1.327592e+011 
-6.657120e+010 -1.339252e+011 
-6.425646e+010 -1.350516e+011 
-6.192269e+010 -1.361379e+011 
-5.957057e+010 -1.371839e+011 
-5.720081e+010 -1.381893e+011 
-5.481410e+010 -1.391537e+011 
-5.241116e+010 -1.400769e+011 
-4.999269e+010 -1.409587e+011 
-4.755941e+010 -1.417986e+011 
-4.511204e+010 -1.425966e+011 
-4.265132e+010 -1.433523e+011 
-4.017795e+010 -1.440656e+011 
-3.769269e+010 -1.447362e+011 
-3.519626e+010 -1.453639e+011 
-3.268940e+010 -1.459485e+011 
-3.017287e+010 -1.464900e+011 
-2.764739e+010 -1.469880e+011 
-2.511373e+010 -1.474425e+011 
-2.257263e+010 -1.478533e+011 
-2.002484e+010 -1.482204e+011 
-1.747112e+010 -1.485435e+011 
-1.491223e+010 -1.488227e+011 
-1.234892e+010 -1.490577e+011 
-9.781952e+009 -1.492486e+011 
-7.212088e+009 -1.493953e+011 
-4.640087e+009 -1.494978e+011 
-2.066712e+009 -1.495560e+011 
5.072748e+008 -1.495699e+011 
3.081112e+009 -1.495395e+011 
5.654036e+009 -1.494648e+011 
8.225286e+009 -1.493458e+011 
1.079410e+010 -1.491827e+011 
1.335972e+010 -1.489753e+011 
1.592138e+010 -1.487238e+011 
1.847832e+010 -1.484283e+011 
2.102980e+010 -1.480888e+011 
2.357504e+010 -1.477055e+011 
2.611331e+010 -1.472784e+011 
2.864384e+010 -1.468077e+011 
3.116589e+010 -1.462935e+011 
3.367870e+010 -1.457360e+011 
3.618155e+010 -1.451354e+011 
3.867368e+010 -1.444917e+011 
4.115436e+010 -1.438053e+011 
4.362286e+010 -1.430763e+011 
4.607843e+010 -1.423050e+011 
4.852036e+010 -1.414915e+011 
5.094793e+010 -1.406361e+011 
5.336041e+010 -1.397390e+011 
5.575708e+010 -1.388006e+011 
5.813725e+010 -1.378211e+011 
6.050021e+010 -1.368007e+011 
6.284524e+010 -1.357399e+011 
6.517168e+010 -1.346389e+011 
6.747881e+010 -1.334980e+011 
6.976596e+010 -1.323176e+011 
7.203246e+010 -1.310980e+011 
7.427763e+010 -1.298396e+011 
7.650081e+010 -1.285427e+011 
7.870134e+010 -1.272078e+011 
8.087856e+010 -1.258352e+011 
8.303184e+010 -1.244254e+011 
8.516054e+010 -1.229787e+011 
8.726402e+010 -1.214956e+011 
8.934167e+010 -1.199765e+011 
9.139286e+010 -1.184220e+011 
9.341700e+010 -1.168323e+011 
9.541348e+010 -1.152081e+011 
9.738171e+010 -1.135497e+011 
9.932111e+010 -1.118578e+011 
1.012311e+011 -1.101327e+011 
1.031111e+011 -1.083750e+011 
1.049606e+011 -1.065853e+011 
1.067791e+011 -1.047640e+011 
1.085659e+011 -1.029116e+011 
1.103206e+011 -1.010288e+011 
1.120426e+011 -9.911614e+010 
1.137314e+011 -9.717409e+010 
1.153866e+011 -9.520327e+010 
1.170076e+011 -9.320427e+010 
1.185940e+011 -9.117768e+010 
1.201453e+011 -8.912410e+010 
1.216610e+011 -8.704413e+010 
1.231407e+011 -8.493840e+010 
1.245839e+011 -8.280752e+010 
1.259902e+011 -8.065213e+010 
1.273593e+011 -7.847286e+010 
1.286907e+011 -7.627036e+010 
1.299839e+011 -7.404529e+010 
1.312387e+011 -7.179829e+010 
1.324546e+011 -6.953005e+010 
1.336314e+011 -6.724122e+010 
1.347685e+011 -6.493248e+010 
1.358658e+011 -6.260453e+010 
1.369229e+011 -6.025804e+010 
1.379394e+011 -5.789371e+010 
1.389151e+011 -5.551225e+010 
1.398497e+011 -5.311436e+010 
1.407428e+011 -5.070074e+010 
1.415944e+011 -4.827211e+010 
1.424040e+011 -4.582920e+010 
1.431714e+011 -4.337272e+010 
1.438965e+011 -4.090340e+010 
1.445790e+011 -3.842198e+010 
1.452186e+011 -3.592918e+010 
1.458153e+011 -3.342574e+010 
1.463689e+011 -3.091241e+010 
1.468791e+011 -2.838993e+010 
1.473458e+011 -2.585905e+010 
1.477689e+011 -2.332052e+010 
1.481483e+011 -2.077508e+010 
1.484838e+011 -1.822349e+010 
1.487754e+011 -1.566650e+010 
1.490229e+011 -1.310488e+010 
1.492263e+011 -1.053938e+010 
1.493856e+011 -7.970765e+009 
1.495006e+011 -5.399786e+009 
1.495714e+011 -2.827209e+009 
1.495979e+011 -2.537951e+008 
1.495801e+011 2.319694e+009 
1.495181e+011 4.892496e+009 
1.494118e+011 7.463851e+009 
1.492612e+011 1.003300e+010 
1.490665e+011 1.259917e+010 
1.488277e+011 1.516162e+010 
1.485448e+011 1.771957e+010 
1.482179e+011 2.027229e+010 
1.478472e+011 2.281900e+010 
1.474327e+011 2.535896e+010 
1.469746e+011 2.789141e+010 
1.464729e+011 3.041560e+010 
1.459279e+011 3.293080e+010 
1.453397e+011 3.543624e+010 
1.447085e+011 3.793120e+010 
1.440345e+011 4.041493e+010 
1.433178e+011 4.288669e+010 
1.425587e+011 4.534576e+010 
1.417574e+011 4.779141e+010 
1.409141e+011 5.022291e+010 
1.400291e+011 5.263954e+010 
1.391027e+011 5.504060e+010 
1.381351e+011 5.742536e+010 
1.371266e+011 5.979312e+010 
1.360775e+011 6.214318e+010 
1.349882e+011 6.447485e+010 
1.338589e+011 6.678743e+010 
1.326899e+011 6.908024e+010 
1.314817e+011 7.135260e+010 
1.302345e+011 7.360384e+010 
1.289488e+011 7.583329e+010 
1.276250e+011 7.804030e+010 
1.262633e+011 8.022420e+010 
1.248643e+011 8.238435e+010 
1.234283e+011 8.452012e+010 
1.219558e+011 8.663087e+010 
1.204471e+011 8.871597e+010 
1.189028e+011 9.077481e+010 
1.173234e+011 9.280677e+010 
1.157091e+011 9.481126e+010 
1.140607e+011 9.678769e+010 
1.123784e+011 9.873546e+010 
1.106629e+011 1.006540e+011 
1.089147e+011 1.025427e+011 
1.071341e+011 1.044011e+011 
1.053219e+011 1.062286e+011 
1.034785e+011 1.080246e+011 
1.016045e+011 1.097887e+011 
9.970035e+010 1.115202e+011 
9.776671e+010 1.132188e+011 
9.580413e+010 1.148838e+011 
9.381318e+010 1.165148e+011 
9.179446e+010 1.181113e+011 
8.974857e+010 1.196728e+011 
8.767610e+010 1.211990e+011 
8.557767e+010 1.226892e+011 
8.345391e+010 1.241431e+011 
8.130544e+010 1.255602e+011 
7.913290e+010 1.269402e+011 
7.693693e+010 1.282826e+011 
7.471818e+010 1.295870e+011 
7.247730e+010 1.308530e+011 
7.021497e+010 1.320803e+011 
6.793185e+010 1.332685e+011 
6.562861e+010 1.344172e+011 
6.330594e+010 1.355262e+011 
6.096453e+010 1.365950e+011 
5.860507e+010 1.376233e+011 
5.622825e+010 1.386109e+011 
5.383479e+010 1.395575e+011 
5.142539e+010 1.404628e+011 
4.900075e+010 1.413264e+011 
4.656161e+010 1.421482e+011 
4.410868e+010 1.429279e+011 
4.164269e+010 1.436653e+011 
3.916437e+010 1.443602e+011 
3.667445e+010 1.450123e+011 
3.417368e+010 1.456214e+011 
3.166278e+010 1.461875e+011 
2.914250e+010 1.467102e+011 
2.661360e+010 1.471895e+011 
2.407682e+010 1.476252e+011 
2.153290e+010 1.480172e+011 
1.898261e+010 1.483654e+011 
1.642670e+010 1.486696e+011 
1.386592e+010 1.489298e+011 
1.130104e+010 1.491459e+011 
8.732807e+009 1.493179e+011 
6.161990e+009 1.494456e+011 
3.589349e+009 1.495290e+011 
1.015645e+009 1.495682e+011 
-1.558360e+009 1.495631e+011 
-4.131904e+009 1.495137e+011 
-6.704224e+009 1.494200e+011 
-9.274558e+009 1.492820e+011 
-1.184215e+010 1.490999e+011 
-1.440623e+010 1.488735e+011 
-1.696604e+010 1.486031e+011 
-1.952083e+010 1.482887e+011 
-2.206984e+010 1.479303e+011 
-2.461231e+010 1.475282e+011 
-2.714749e+010 1.470823e+011 
-2.967463e+010 1.465929e+011 
-3.219298e+010 1.460601e+011 
-3.470179e+010 1.454840e+011 
-3.720033e+010 1.448648e+011 
-3.968785e+010 1.442027e+011 
-4.216361e+010 1.434979e+011 
-4.462689e+010 1.427505e+011 
-4.707694e+010 1.419609e+011 
-4.951305e+010 1.411293e+011 
-5.193450e+010 1.402558e+011 
-5.434056e+010 1.393408e+011 
-5.673052e+010 1.383846e+011 
-5.910368e+010 1.373873e+011 
-6.145934e+010 1.363493e+011 
-6.379679e+010 1.352710e+011 
-6.611533e+010 1.341526e+011 
-6.841430e+010 1.329944e+011 
-7.069300e+010 1.317968e+011 
-7.295075e+010 1.305602e+011 
-7.518690e+010 1.292850e+011 
-7.740077e+010 1.279714e+011 
-7.959172e+010 1.266199e+011 
-8.175908e+010 1.252309e+011 
-8.390223e+010 1.238048e+011 
-8.602052e+010 1.223420e+011 
-8.811332e+010 1.208430e+011 
-9.018003e+010 1.193082e+011 
-9.222001e+010 1.177380e+011 
-9.423268e+010 1.161330e+011 
-9.621743e+010 1.144936e+011 
-9.817367e+010 1.128202e+011 
-1.001008e+011 1.111134e+011 
-1.019983e+011 1.093737e+011 
-1.038656e+011 1.076016e+011 
-1.057021e+011 1.057976e+011 
-1.075073e+011 1.039623e+011 
-1.092807e+011 1.020961e+011 
-1.110216e+011 1.001998e+011 
-1.127297e+011 9.827368e+010 
-1.144044e+011 9.631850e+010 
-1.160452e+011 9.433478e+010 
-1.176516e+011 9.232311e+010 
-1.192231e+011 9.028408e+010 
-1.207593e+011 8.821831e+010 
-1.222598e+011 8.612639e+010 
-1.237240e+011 8.400896e+010 
-1.251516e+011 8.186664e+010 
-1.265420e+011 7.970007e+010 
-1.278950e+011 7.750988e+010 
-1.292101e+011 7.529672e+010 
-1.304869e+011 7.306125e+010 
-1.317251e+011 7.080414e+010 
-1.329242e+011 6.852605e+010 
-1.340839e+011 6.622765e+010 
-1.352039e+011 6.390963e+010 
-1.362839e+011 6.157267e+010 
-1.373234e+011 5.921747e+010 
-1.383223e+011 5.684473e+010 
-1.392802e+011 5.445514e+010 
-1.401968e+011 5.204941e+010 
-1.410719e+011 4.962827e+010 
-1.419051e+011 4.719241e+010 
-1.426964e+011 4.474258e+010 
-1.434453e+011 4.227949e+010 
-1.441518e+011 3.980387e+010 
-1.448155e+011 3.731645e+010 
-1.454363e+011 3.481798e+010 
-1.460140e+011 3.230919e+010 
-1.465485e+011 2.979083e+010 
-1.470395e+011 2.726364e+010 
-1.474870e+011 2.472837e+010 
-1.478908e+011 2.218577e+010 
-1.482507e+011 1.963660e+010 
-1.485667e+011 1.708161e+010 
-1.488387e+011 1.452156e+010 
-1.490666e+011 1.195721e+010 
-1.492503e+011 9.389316e+009 
-1.493898e+011 6.818638e+009 
-1.494850e+011 4.245940e+009 
-1.495360e+011 1.671983e+009 
-1.495426e+011 -9.024688e+008 
-1.495049e+011 -3.476653e+009 
-1.494229e+011 -6.049808e+009 
-1.492967e+011 -8.621170e+009 
-1.491262e+011 -1.118998e+010 
-1.489115e+011 -1.375547e+010 
-1.486527e+011 -1.631688e+010 
-1.483498e+011 -1.887346e+010 
-1.480030e+011 -2.142445e+010 
-1.476123e+011 -2.396909e+010 
-1.471779e+011 -2.650663e+010 
-1.466999e+011 -2.903631e+010 
-1.461784e+011 -3.155739e+010 
-1.456136e+011 -3.406912e+010 
-1.450056e+011 -3.657076e+010 
-1.443547e+011 -3.906155e+010 
-1.436610e+011 -4.154078e+010 
-1.429247e+011 -4.400769e+010 
-1.421461e+011 -4.646157e+010 
-1.413254e+011 -4.890167e+010 
-1.404628e+011 -5.132729e+010 
-1.395586e+011 -5.373770e+010 
-1.386130e+011 -5.613219e+010 
-1.376263e+011 -5.851004e+010 
-1.365989e+011 -6.087056e+010 
-1.355310e+011 -6.321305e+010 
-1.344229e+011 -6.553680e+010 
-1.332751e+011 -6.784113e+010 
-1.320877e+011 -7.012536e+010 
-1.308612e+011 -7.238882e+010 
-1.295959e+011 -7.463083e+010 
-1.282922e+011 -7.685072e+010 
-1.269505e+011 -7.904784e+010 
-1.255712e+011 -8.122155e+010 
-1.241547e+011 -8.337118e+010 
-1.227014e+011 -8.549612e+010 
-1.212117e+011 -8.759572e+010 
-1.196861e+011 -8.966937e+010 
-1.181251e+011 -9.171646e+010 
-1.165291e+011 -9.373637e+010 
-1.148985e+011 -9.572851e+010 
-1.132339e+011 -9.769228e+010 
-1.115358e+011 -9.962711e+010 
-1.098046e+011 -1.015324e+011 
-1.080408e+011 -1.034077e+011 
-1.062451e+011 -1.052523e+011 
-1.044179e+011 -1.070657e+011 
-1.025598e+011 -1.088474e+011 
-1.006712e+011 -1.105968e+011 
-9.875286e+010 -1.123135e+011 
-9.680525e+010 -1.139969e+011 
-9.482896e+010 -1.156465e+011 
-9.282457e+010 -1.172619e+011 
-9.079268e+010 -1.188425e+011 
-8.873390e+010 -1.203880e+011 
-8.664883e+010 -1.218977e+011 
-8.453808e+010 -1.233714e+011 
-8.240230e+010 -1.248085e+011 
-8.024210e+010 -1.262086e+011 
-7.805813e+010 -1.275713e+011 
-7.585104e+010 -1.288963e+011 
-7.362148e+010 -1.301830e+011 
-7.137011e+010 -1.314312e+011 
-6.909759e+010 -1.326405e+011 
-6.680461e+010 -1.338104e+011 
-6.449184e+010 -1.349408e+011 
-6.215996e+010 -1.360311e+011 
-5.980967e+010 -1.370812e+011 
-5.744166e+010 -1.380906e+011 
-5.505664e+010 -1.390592e+011 
-5.265531e+010 -1.399866e+011 
-5.023838e+010 -1.408724e+011 
-4.780657e+010 -1.417166e+011 
-4.536060e+010 -1.425188e+011 
-4.290119e+010 -1.432788e+011 
-4.042908e+010 -1.439963e+011 
-3.794499e+010 -1.446712e+011 
-3.544966e+010 -1.453032e+011 
-3.294383e+010 -1.458922e+011 
-3.042825e+010 -1.464380e+011 
-2.790365e+010 -1.469404e+011 
-2.537078e+010 -1.473992e+011 
-2.283040e+010 -1.478145e+011 
-2.028326e+010 -1.481859e+011 
-1.773011e+010 -1.485135e+011 
-1.517171e+010 -1.487970e+011 
-1.260882e+010 -1.490365e+011 
-1.004219e+010 -1.492319e+011 
-7.472592e+009 -1.493830e+011 
-4.900777e+009 -1.494899e+011 
-2.327511e+009 -1.495526e+011 
2.464448e+008 -1.495709e+011 
2.820328e+009 -1.495450e+011 
5.393375e+009 -1.494747e+011 
7.964825e+009 -1.493602e+011 
1.053392e+010 -1.492015e+011 
1.309989e+010 -1.489986e+011 
1.566198e+010 -1.487515e+011 
1.821943e+010 -1.484604e+011 
2.077149e+010 -1.481253e+011 
2.331740e+010 -1.477464e+011 
2.585640e+010 -1.473237e+011 
2.838775e+010 -1.468574e+011 
3.091069e+010 -1.463476e+011 
3.342447e+010 -1.457944e+011 
3.592836e+010 -1.451981e+011 
3.842161e+010 -1.445588e+011 
4.090348e+010 -1.438767e+011 
4.337323e+010 -1.431519e+011 
4.583015e+010 -1.423848e+011 
4.827349e+010 -1.415756e+011 
5.070254e+010 -1.407243e+011 
5.311658e+010 -1.398315e+011 
5.551488e+010 -1.388972e+011 
5.789675e+010 -1.379218e+011 
6.026148e+010 -1.369055e+011 
6.260836e+010 -1.358488e+011 
6.493670e+010 -1.347518e+011 
6.724582e+010 -1.336149e+011 
6.953503e+010 -1.324384e+011 
7.180364e+010 -1.312227e+011 
7.405100e+010 -1.299682e+011 
7.627643e+010 -1.286751e+011 
7.847928e+010 -1.273440e+011 
8.065889e+010 -1.259752e+011 
8.281461e+010 -1.245691e+011 
8.494582e+010 -1.231261e+011 
8.705188e+010 -1.216466e+011 
8.913217e+010 -1.201312e+011 
9.118606e+010 -1.185801e+011 
9.321296e+010 -1.169940e+011 
9.521226e+010 -1.153732e+011 
9.718337e+010 -1.137182e+011 
9.912571e+010 -1.120296e+011 
1.010387e+011 -1.103078e+011 
1.029218e+011 -1.085534e+011 
1.047744e+011 -1.067668e+011 
1.065960e+011 -1.049486e+011 
1.083860e+011 -1.030994e+011 
1.101440e+011 -1.012196e+011 
1.118693e+011 -9.930986e+010 
1.135615e+011 -9.737071e+010 
1.152201e+011 -9.540274e+010 
1.168446e+011 -9.340653e+010 
1.184345e+011 -9.138266e+010 
1.199893e+011 -8.933174e+010 
1.215086e+011 -8.725437e+010 
1.229920e+011 -8.515118e+010 
1.244389e+011 -8.302277e+010 
1.258490e+011 -8.086979e+010 
1.272218e+011 -7.869287e+010 
1.285570e+011 -7.649265e+010 
1.298541e+011 -7.426978e+010 
1.311128e+011 -7.202494e+010 
1.323327e+011 -6.975877e+010 
1.335133e+011 -6.747194e+010 
1.346545e+011 -6.516515e+010 
1.357558e+011 -6.283906e+010 
1.368169e+011 -6.049438e+010 
1.378375e+011 -5.813178e+010 
1.388174e+011 -5.575198e+010 
1.397561e+011 -5.335567e+010 
1.406534e+011 -5.094357e+010 
1.415091e+011 -4.851639e+010 
1.423230e+011 -4.607485e+010 
1.430947e+011 -4.361966e+010 
1.438240e+011 -4.115157e+010 
1.445108e+011 -3.867129e+010 
1.451547e+011 -3.617957e+010 
1.457558e+011 -3.367714e+010 
1.463136e+011 -3.116474e+010 
1.468282e+011 -2.864311e+010 
1.472993e+011 -2.611300e+010 
1.477268e+011 -2.357517e+010 
1.481105e+011 -2.103035e+010 
1.484505e+011 -1.847931e+010 
1.487464e+011 -1.592280e+010 
1.489984e+011 -1.336158e+010 
1.492062e+011 -1.079640e+010 
1.493699e+011 -8.228030e+009 
1.494894e+011 -5.657220e+009 
1.495646e+011 -3.084736e+009 
1.495955e+011 -5.113389e+008 
