731 2
1.082000e+011 0.000000e+000 
1.081577e+011 3.025351e+009 
1.080307e+011 6.048335e+009 
1.078193e+011 9.066588e+009 
1.075235e+011 1.207775e+010 
1.071436e+011 1.507946e+010 
1.066798e+011 1.806937e+010 
1.061326e+011 2.104515e+010 
1.055024e+011 2.400446e+010 
1.047896e+011 2.694500e+010 
1.039949e+011 2.986445e+010 
1.031187e+011 3.276054e+010 
1.021619e+011 3.563099e+010 
1.011252e+011 3.847357e+010 
1.000094e+011 4.128605e+010 
9.881527e+010 4.406623e+010 
9.754386e+010 4.681193e+010 
9.619613e+010 4.952100e+010 
9.477313e+010 5.219132e+010 
9.327598e+010 5.482081e+010 
9.170584e+010 5.740740e+010 
9.006394e+010 5.994907e+010 
8.835157e+010 6.244383e+010 
8.657006e+010 6.488973e+010 
8.472080e+010 6.728484e+010 
8.280525e+010 6.962731e+010 
8.082490e+010 7.191528e+010 
7.878129e+010 7.414698e+010 
7.667602e+010 7.632065e+010 
7.451075e+010 7.843458e+010 
7.228716e+010 8.048713e+010 
7.000700e+010 8.247668e+010 
6.767203e+010 8.440168e+010 
6.528410e+010 8.626062e+010 
6.284507e+010 8.805203e+010 
6.035685e+010 8.977452e+010 
5.782137e+010 9.142674e+010 
5.524064e+010 9.300738e+010 
5.261666e+010 9.451521e+010 
4.995148e+010 9.594905e+010 
4.724720e+010 9.730777e+010 
4.450593e+010 9.859031e+010 
4.172981e+010 9.979565e+010 
3.892102e+010 1.009229e+011 
3.608175e+010 1.019710e+011 
3.321423e+010 1.029394e+011 
3.032070e+010 1.038271e+011 
2.740342e+010 1.046335e+011 
2.446469e+010 1.053580e+011 
2.150679e+010 1.060000e+011 
1.853206e+010 1.065589e+011 
1.554280e+010 1.070344e+011 
1.254137e+010 1.074261e+011 
9.530124e+009 1.077336e+011 
6.511408e+009 1.079567e+011 
3.487592e+009 1.080952e+011 
4.610434e+008 1.081491e+011 
-2.565866e+009 1.081183e+011 
-5.590766e+009 1.080027e+011 
-8.611286e+009 1.078026e+011 
-1.162506e+010 1.075179e+011 
-1.462972e+010 1.071491e+011 
-1.762293e+010 1.066963e+011 
-2.060232e+010 1.061598e+011 
-2.356557e+010 1.055402e+011 
-2.651035e+010 1.048379e+011 
-2.943436e+010 1.040534e+011 
-3.233530e+010 1.031874e+011 
-3.521089e+010 1.022405e+011 
-3.805890e+010 1.012135e+011 
-4.087707e+010 1.001071e+011 
-4.366320e+010 9.892231e+010 
-4.641511e+010 9.765995e+010 
-4.913063e+010 9.632105e+010 
-5.180764e+010 9.490664e+010 
-5.444404e+010 9.341782e+010 
-5.703776e+010 9.185578e+010 
-5.958676e+010 9.022172e+010 
-6.208905e+010 8.851693e+010 
-6.454266e+010 8.674274e+010 
-6.694566e+010 8.490055e+010 
-6.929618e+010 8.299178e+010 
-7.159236e+010 8.101794e+010 
-7.383240e+010 7.898058e+010 
-7.601455e+010 7.688128e+010 
-7.813710e+010 7.472170e+010 
-8.019837e+010 7.250352e+010 
-8.219675e+010 7.022848e+010 
-8.413067e+010 6.789837e+010 
-8.599861e+010 6.551501e+010 
-8.779910e+010 6.308027e+010 
-8.953074e+010 6.059606e+010 
-9.119216e+010 5.806433e+010 
-9.278206e+010 5.548705e+010 
-9.429919e+010 5.286626e+010 
-9.574235e+010 5.020400e+010 
-9.711042e+010 4.750236e+010 
-9.840232e+010 4.476346e+010 
-9.961704e+010 4.198946e+010 
-1.007536e+011 3.918251e+010 
-1.018112e+011 3.634483e+010 
-1.027889e+011 3.347865e+010 
-1.036859e+011 3.058620e+010 
-1.045016e+011 2.766975e+010 
-1.052354e+011 2.473161e+010 
-1.058866e+011 2.177406e+010 
-1.064547e+011 1.879943e+010 
-1.069393e+011 1.581005e+010 
-1.073401e+011 1.280827e+010 
-1.076566e+011 9.796448e+009 
-1.078887e+011 6.776936e+009 
-1.080361e+011 3.752108e+009 
-1.080988e+011 7.243369e+008 
-1.080767e+011 -2.304003e+009 
-1.079698e+011 -5.330535e+009 
-1.077782e+011 -8.352886e+009 
-1.075021e+011 -1.136868e+010 
-1.071416e+011 -1.437556e+010 
-1.066971e+011 -1.737117e+010 
-1.061688e+011 -2.035314e+010 
-1.055573e+011 -2.331915e+010 
-1.048630e+011 -2.626687e+010 
-1.040864e+011 -2.919398e+010 
-1.032282e+011 -3.209819e+010 
-1.022890e+011 -3.497723e+010 
-1.012696e+011 -3.782882e+010 
-1.001707e+011 -4.065075e+010 
-9.899328e+010 -4.344078e+010 
-9.773819e+010 -4.619675e+010 
-9.640644e+010 -4.891647e+010 
-9.499906e+010 -5.159783e+010 
-9.351717e+010 -5.423872e+010 
-9.196194e+010 -5.683706e+010 
-9.033457e+010 -5.939083e+010 
-8.863636e+010 -6.189802e+010 
-8.686863e+010 -6.435666e+010 
-8.503277e+010 -6.676483e+010 
-8.313022e+010 -6.912064e+010 
-8.116248e+010 -7.142224e+010 
-7.913109e+010 -7.366783e+010 
-7.703765e+010 -7.585565e+010 
-7.488379e+010 -7.798398e+010 
-7.267121e+010 -8.005116e+010 
-7.040165e+010 -8.205558e+010 
-6.807688e+010 -8.399565e+010 
-6.569874e+010 -8.586986e+010 
-6.326908e+010 -8.767674e+010 
-6.078982e+010 -8.941488e+010 
-5.826290e+010 -9.108291e+010 
-5.569029e+010 -9.267954e+010 
-5.307403e+010 -9.420351e+010 
-5.041616e+010 -9.565362e+010 
-4.771877e+010 -9.702875e+010 
-4.498397e+010 -9.832782e+010 
-4.221391e+010 -9.954981e+010 
-3.941075e+010 -1.006938e+011 
-3.657671e+010 -1.017588e+011 
-3.371400e+010 -1.027441e+011 
-3.082486e+010 -1.036488e+011 
-2.791157e+010 -1.044723e+011 
-2.497640e+010 -1.052140e+011 
-2.202166e+010 -1.058732e+011 
-1.904965e+010 -1.064494e+011 
-1.606273e+010 -1.069422e+011 
-1.306321e+010 -1.073512e+011 
-1.005346e+010 -1.076760e+011 
-7.035828e+009 -1.079165e+011 
-4.012685e+009 -1.080725e+011 
-9.863990e+008 -1.081438e+011 
2.040660e+009 -1.081303e+011 
5.066121e+009 -1.080322e+011 
8.087613e+009 -1.078494e+011 
1.110277e+010 -1.075821e+011 
1.410923e+010 -1.072305e+011 
1.710464e+010 -1.067950e+011 
2.008664e+010 -1.062758e+011 
2.305292e+010 -1.056733e+011 
2.600114e+010 -1.049881e+011 
2.892900e+010 -1.042207e+011 
3.183420e+010 -1.033716e+011 
3.471446e+010 -1.024416e+011 
3.756755e+010 -1.014313e+011 
4.039121e+010 -1.003417e+011 
4.318324e+010 -9.917341e+010 
4.594146e+010 -9.792750e+010 
4.866371e+010 -9.660491e+010 
5.134785e+010 -9.520668e+010 
5.399179e+010 -9.373390e+010 
5.659346e+010 -9.218774e+010 
5.915081e+010 -9.056940e+010 
6.166186e+010 -8.888015e+010 
6.412464e+010 -8.712132e+010 
6.653721e+010 -8.529428e+010 
6.889770e+010 -8.340048e+010 
7.120425e+010 -8.144139e+010 
7.345507e+010 -7.941854e+010 
7.564839e+010 -7.733353e+010 
7.778249e+010 -7.518799e+010 
7.985571e+010 -7.298360e+010 
8.186643e+010 -7.072208e+010 
8.381307e+010 -6.840521e+010 
8.569412e+010 -6.603480e+010 
8.750809e+010 -6.361270e+010 
8.925358e+010 -6.114082e+010 
9.092922e+010 -5.862110e+010 
9.253369e+010 -5.605549e+010 
9.406575e+010 -5.344601e+010 
9.552420e+010 -5.079471e+010 
9.690789e+010 -4.810366e+010 
9.821575e+010 -4.537497e+010 
9.944675e+010 -4.261077e+010 
1.005999e+011 -3.981322e+010 
1.016744e+011 -3.698453e+010 
1.026693e+011 -3.412688e+010 
1.035839e+011 -3.124254e+010 
1.044174e+011 -2.833375e+010 
1.051692e+011 -2.540279e+010 
1.058387e+011 -2.245195e+010 
1.064254e+011 -1.948354e+010 
1.069288e+011 -1.649989e+010 
1.073486e+011 -1.350333e+010 
1.076843e+011 -1.049620e+010 
1.079358e+011 -7.480861e+009 
1.081029e+011 -4.459667e+009 
1.081854e+011 -1.434983e+009 
1.081832e+011 1.590823e+009 
1.080964e+011 4.615385e+009 
1.079250e+011 7.636335e+009 
1.076691e+011 1.065131e+010 
1.073290e+011 1.365795e+010 
1.069050e+011 1.665391e+010 
1.063972e+011 1.963683e+010 
1.058063e+011 2.260439e+010 
1.051325e+011 2.555426e+010 
1.043765e+011 2.848414e+010 
1.035388e+011 3.139173e+010 
1.026201e+011 3.427476e+010 
1.016211e+011 3.713097e+010 
1.005426e+011 3.995812e+010 
9.938536e+010 4.275400e+010 
9.815039e+010 4.551643e+010 
9.683861e+010 4.824325e+010 
9.545106e+010 5.093231e+010 
9.398881e+010 5.358151e+010 
9.245301e+010 5.618879e+010 
9.084486e+010 5.875209e+010 
8.916562e+010 6.126941e+010 
8.741659e+010 6.373878e+010 
8.559915e+010 6.615828e+010 
8.371472e+010 6.852599e+010 
8.176477e+010 7.084007e+010 
7.975082e+010 7.309871e+010 
7.767446e+010 7.530014e+010 
7.553730e+010 7.744262e+010 
7.334101e+010 7.952450e+010 
7.108732e+010 8.154412e+010 
6.877799e+010 8.349992e+010 
6.641481e+010 8.539035e+010 
6.399965e+010 8.721394e+010 
6.153439e+010 8.896926e+010 
5.902095e+010 9.065493e+010 
5.646131e+010 9.226963e+010 
5.385747e+010 9.381210e+010 
5.121146e+010 9.528111e+010 
4.852535e+010 9.667553e+010 
4.580126e+010 9.799426e+010 
4.304130e+010 9.923626e+010 
4.024764e+010 1.004006e+011 
3.742246e+010 1.014862e+011 
3.456799e+010 1.024924e+011 
3.168644e+010 1.034184e+011 
2.878008e+010 1.042634e+011 
2.585118e+010 1.050267e+011 
2.290203e+010 1.057077e+011 
1.993495e+010 1.063060e+011 
1.695225e+010 1.068210e+011 
1.395628e+010 1.072524e+011 
1.094937e+010 1.075997e+011 
7.933894e+009 1.078628e+011 
4.912198e+009 1.080414e+011 
1.886655e+009 1.081353e+011 
-1.140367e+009 1.081445e+011 
-4.166495e+009 1.080690e+011 
-7.189359e+009 1.079089e+011 
-1.020659e+010 1.076642e+011 
-1.321583e+010 1.073352e+011 
-1.621471e+010 1.069220e+011 
-1.920088e+010 1.064251e+011 
-2.217202e+010 1.058448e+011 
-2.512578e+010 1.051816e+011 
-2.805985e+010 1.044359e+011 
-3.097193e+010 1.036084e+011 
-3.385974e+010 1.026997e+011 
-3.672101e+010 1.017105e+011 
-3.955351e+010 1.006417e+011 
-4.235501e+010 9.949390e+010 
-4.512332e+010 9.826817e+010 
-4.785625e+010 9.696541e+010 
-5.055168e+010 9.558665e+010 
-5.320749e+010 9.413298e+010 
-5.582159e+010 9.260551e+010 
-5.839193e+010 9.100546e+010 
-6.091650e+010 8.933406e+010 
-6.339331e+010 8.759264e+010 
-6.582044e+010 8.578255e+010 
-6.819596e+010 8.390522e+010 
-7.051802e+010 8.196210e+010 
-7.278479e+010 7.995473e+010 
-7.499450e+010 7.788467e+010 
-7.714541e+010 7.575354e+010 
-7.923583e+010 7.356302e+010 
-8.126413e+010 7.131483e+010 
-8.322871e+010 6.901072e+010 
-8.512804e+010 6.665249e+010 
-8.696061e+010 6.424200e+010 
-8.872499e+010 6.178114e+010 
-9.041980e+010 5.927183e+010 
-9.204371e+010 5.671605e+010 
-9.359543e+010 5.411579e+010 
-9.507376e+010 5.147309e+010 
-9.647754e+010 4.879002e+010 
-9.780565e+010 4.606870e+010 
-9.905707e+010 4.331124e+010 
-1.002308e+011 4.051982e+010 
-1.013259e+011 3.769662e+010 
-1.023416e+011 3.484386e+010 
-1.032770e+011 3.196377e+010 
-1.041314e+011 2.905861e+010 
-1.049041e+011 2.613066e+010 
-1.055945e+011 2.318222e+010 
-1.062022e+011 2.021560e+010 
-1.067265e+011 1.723312e+010 
-1.071672e+011 1.423712e+010 
-1.075237e+011 1.122996e+010 
-1.077960e+011 8.213992e+009 
-1.079837e+011 5.191581e+009 
-1.080867e+011 2.165097e+009 
-1.081050e+011 -8.630851e+008 
-1.080384e+011 -3.890590e+009 
-1.078871e+011 -6.915044e+009 
-1.076512e+011 -9.934074e+009 
-1.073309e+011 -1.294531e+010 
-1.069264e+011 -1.594640e+010 
-1.064380e+011 -1.893498e+010 
-1.058661e+011 -2.190871e+010 
-1.052112e+011 -2.486525e+010 
-1.044738e+011 -2.780230e+010 
-1.036545e+011 -3.071753e+010 
-1.027538e+011 -3.360868e+010 
-1.017726e+011 -3.647347e+010 
-1.007116e+011 -3.930966e+010 
-9.957155e+010 -4.211501e+010 
-9.835344e+010 -4.488734e+010 
-9.705819e+010 -4.762446e+010 
-9.568682e+010 -5.032424e+010 
-9.424042e+010 -5.298455e+010 
-9.272012e+010 -5.560331e+010 
-9.112710e+010 -5.817847e+010 
-8.946262e+010 -6.070801e+010 
-8.772799e+010 -6.318994e+010 
-8.592457e+010 -6.562232e+010 
-8.405377e+010 -6.800324e+010 
-8.211707e+010 -7.033084e+010 
-8.011597e+010 -7.260330e+010 
-7.805206e+010 -7.481883e+010 
-7.592695e+010 -7.697569e+010 
-7.374231e+010 -7.907220e+010 
-7.149985e+010 -8.110672e+010 
-6.920134e+010 -8.307765e+010 
-6.684857e+010 -8.498344e+010 
-6.444340e+010 -8.682261e+010 
-6.198770e+010 -8.859372e+010 
-5.948341e+010 -9.029537e+010 
-5.693249e+010 -9.192624e+010 
-5.433694e+010 -9.348505e+010 
-5.169879e+010 -9.497058e+010 
-4.902013e+010 -9.638167e+010 
-4.630304e+010 -9.771721e+010 
-4.354965e+010 -9.897616e+010 
-4.076214e+010 -1.001575e+011 
-3.794267e+010 -1.012604e+011 
-3.509347e+010 -1.022839e+011 
-3.221676e+010 -1.032273e+011 
-2.931481e+010 -1.040897e+011 
-2.638988e+010 -1.048706e+011 
-2.344428e+010 -1.055693e+011 
-2.048030e+010 -1.061853e+011 
-1.750027e+010 -1.067180e+011 
-1.450653e+010 -1.071672e+011 
-1.150143e+010 -1.075324e+011 
-8.487311e+009 -1.078133e+011 
-5.466544e+009 -1.080098e+011 
-2.441494e+009 -1.081216e+011 
5.854686e+008 -1.081487e+011 
3.611973e+009 -1.080911e+011 
6.635648e+009 -1.079488e+011 
9.654124e+009 -1.077220e+011 
1.266504e+010 -1.074108e+011 
1.566603e+010 -1.070154e+011 
1.865475e+010 -1.065362e+011 
2.162887e+010 -1.059736e+011 
2.458604e+010 -1.053279e+011 
2.752395e+010 -1.045998e+011 
3.044031e+010 -1.037897e+011 
3.333282e+010 -1.028984e+011 
3.619924e+010 -1.019265e+011 
3.903730e+010 -1.008747e+011 
4.184480e+010 -9.974399e+010 
4.461952e+010 -9.853514e+010 
4.735931e+010 -9.724914e+010 
5.006201e+010 -9.588698e+010 
5.272552e+010 -9.444974e+010 
5.534774e+010 -9.293855e+010 
5.792662e+010 -9.135459e+010 
6.046016e+010 -8.969910e+010 
6.294635e+010 -8.797339e+010 
6.538327e+010 -8.617880e+010 
6.776899e+010 -8.431675e+010 
7.010167e+010 -8.238868e+010 
7.237946e+010 -8.039612e+010 
7.460060e+010 -7.834062e+010 
7.676333e+010 -7.622379e+010 
7.886598e+010 -7.404730e+010 
8.090689e+010 -7.181284e+010 
8.288447e+010 -6.952218e+010 
8.479717e+010 -6.717709e+010 
8.664350e+010 -6.477942e+010 
8.842202e+010 -6.233105e+010 
9.013132e+010 -5.983390e+010 
9.177009e+010 -5.728991e+010 
9.333702e+010 -5.470108e+010 
9.483091e+010 -5.206944e+010 
9.625057e+010 -4.939705e+010 
9.759491e+010 -4.668600e+010 
9.886287e+010 -4.393841e+010 
1.000535e+011 -4.115643e+010 
1.011657e+011 -3.834225e+010 
1.021989e+011 -3.549806e+010 
1.031520e+011 -3.262608e+010 
1.040244e+011 -2.972858e+010 
1.048154e+011 -2.680781e+010 
1.055244e+011 -2.386606e+010 
1.061508e+011 -2.090564e+010 
1.066941e+011 -1.792885e+010 
1.071540e+011 -1.493804e+010 
1.075299e+011 -1.193554e+010 
1.078218e+011 -8.923691e+009 
1.080292e+011 -5.904864e+009 
1.081522e+011 -2.881416e+009 
1.081905e+011 1.442873e+008 
1.081441e+011 3.169878e+009 
1.080131e+011 6.192987e+009 
1.077976e+011 9.211251e+009 
1.074977e+011 1.222231e+010 
1.071137e+011 1.522380e+010 
1.066459e+011 1.821338e+010 
1.060947e+011 2.118870e+010 
1.054604e+011 2.414745e+010 
1.047436e+011 2.708729e+010 
1.039448e+011 3.000595e+010 
1.030646e+011 3.290111e+010 
1.021039e+011 3.577054e+010 
1.010632e+011 3.861197e+010 
9.994338e+010 4.142318e+010 
9.874539e+010 4.420197e+010 
9.747012e+010 4.694617e+010 
9.611856e+010 4.965364e+010 
9.469179e+010 5.232224e+010 
9.319090e+010 5.494989e+010 
9.161708e+010 5.753454e+010 
8.997155e+010 6.007416e+010 
8.825561e+010 6.256676e+010 
8.647059e+010 6.501039e+010 
8.461789e+010 6.740313e+010 
8.269896e+010 6.974312e+010 
8.071530e+010 7.202852e+010 
7.866846e+010 7.425754e+010 
7.656004e+010 7.642844e+010 
7.439170e+010 7.853951e+010 
7.216512e+010 8.058910e+010 
6.988204e+010 8.257560e+010 
6.754427e+010 8.449747e+010 
6.515362e+010 8.635318e+010 
6.271196e+010 8.814130e+010 
6.022120e+010 8.986041e+010 
5.768330e+010 9.150916e+010 
5.510024e+010 9.308628e+010 
5.247404e+010 9.459051e+010 
4.980675e+010 9.602069e+010 
4.710047e+010 9.737568e+010 
4.435731e+010 9.865443e+010 
4.157941e+010 9.985593e+010 
3.876896e+010 1.009792e+011 
3.592814e+010 1.020235e+011 
3.305920e+010 1.029878e+011 
3.016436e+010 1.038715e+011 
2.724590e+010 1.046739e+011 
2.430610e+010 1.053942e+011 
2.134727e+010 1.060321e+011 
1.837172e+010 1.065869e+011 
1.538178e+010 1.070582e+011 
1.237979e+010 1.074456e+011 
9.368108e+009 1.077489e+011 
6.349086e+009 1.079678e+011 
3.325090e+009 1.081022e+011 
2.984890e+008 1.081518e+011 
-2.728346e+009 1.081167e+011 
-5.753043e+009 1.079970e+011 
-8.773233e+009 1.077926e+011 
-1.178655e+010 1.075038e+011 
-1.479063e+010 1.071307e+011 
-1.778313e+010 1.066738e+011 
-2.076169e+010 1.061332e+011 
-2.372399e+010 1.055095e+011 
-2.666769e+010 1.048031e+011 
-2.959051e+010 1.040146e+011 
-3.249013e+010 1.031446e+011 
-3.536430e+010 1.021938e+011 
-3.821075e+010 1.011629e+011 
-4.102726e+010 1.000527e+011 
-4.381162e+010 9.886412e+010 
-4.656164e+010 9.759805e+010 
-4.927517e+010 9.625549e+010 
-5.195009e+010 9.483749e+010 
-5.458429e+010 9.334516e+010 
-5.717571e+010 9.177967e+010 
-5.972231e+010 9.014225e+010 
-6.222210e+010 8.843417e+010 
-6.467312e+010 8.665677e+010 
-6.707345e+010 8.481145e+010 
-6.942120e+010 8.289965e+010 
-7.171454e+010 8.092286e+010 
-7.395165e+010 7.888264e+010 
-7.613080e+010 7.678058e+010 
-7.825026e+010 7.461833e+010 
-8.030838e+010 7.239758e+010 
-8.230354e+010 7.012008e+010 
-8.423417e+010 6.778760e+010 
-8.609877e+010 6.540198e+010 
-8.789586e+010 6.296508e+010 
-8.962404e+010 6.047882e+010 
-9.128196e+010 5.794514e+010 
-9.286830e+010 5.536602e+010 
-9.438183e+010 5.274350e+010 
-9.582136e+010 5.007962e+010 
-9.718575e+010 4.737647e+010 
-9.847395e+010 4.463618e+010 
-9.968493e+010 4.186089e+010 
-1.008177e+011 3.905277e+010 
-1.018715e+011 3.621403e+010 
-1.028454e+011 3.334690e+010 
-1.037386e+011 3.045362e+010 
-1.045505e+011 2.753645e+010 
-1.052804e+011 2.459770e+010 
-1.059278e+011 2.163965e+010 
-1.064921e+011 1.866464e+010 
-1.069728e+011 1.567499e+010 
-1.073697e+011 1.267305e+010 
-1.076824e+011 9.661165e+009 
-1.079107e+011 6.641710e+009 
-1.080543e+011 3.617045e+009 
-1.081132e+011 5.895446e+008 
-1.080874e+011 -2.438419e+009 
-1.079767e+011 -5.464470e+009 
-1.077814e+011 -8.486236e+009 
-1.075016e+011 -1.150135e+010 
-1.071375e+011 -1.450744e+010 
-1.066893e+011 -1.750216e+010 
-1.061575e+011 -2.048315e+010 
-1.055425e+011 -2.344808e+010 
-1.048446e+011 -2.639462e+010 
-1.040646e+011 -2.932046e+010 
-1.032030e+011 -3.222332e+010 
-1.022604e+011 -3.510090e+010 
-1.012377e+011 -3.795097e+010 
-1.001356e+011 -4.077127e+010 
-9.895494e+010 -4.355961e+010 
-9.769671e+010 -4.631379e+010 
-9.636187e+010 -4.903165e+010 
-9.495148e+010 -5.171107e+010 
-9.346663e+010 -5.434994e+010 
-9.190851e+010 -5.694620e+010 
-9.027832e+010 -5.949781e+010 
-8.857734e+010 -6.200277e+010 
-8.680692e+010 -6.445912e+010 
-8.496845e+010 -6.686494e+010 
-8.306335e+010 -6.921832e+010 
-8.109314e+010 -7.151745e+010 
-7.905934e+010 -7.376050e+010 
-7.696357e+010 -7.594573e+010 
-7.480747e+010 -7.807142e+010 
-7.259271e+010 -8.013591e+010 
-7.032106e+010 -8.213758e+010 
-6.799427e+010 -8.407486e+010 
-6.561419e+010 -8.594623e+010 
-6.318268e+010 -8.775024e+010 
-6.070163e+010 -8.948546e+010 
-5.817301e+010 -9.115054e+010 
-5.559880e+010 -9.274417e+010 
-5.298100e+010 -9.426512e+010 
-5.032168e+010 -9.571218e+010 
-4.762292e+010 -9.708422e+010 
-4.488683e+010 -9.838018e+010 
-4.211557e+010 -9.959903e+010 
-3.931130e+010 -1.007398e+011 
-3.647622e+010 -1.018017e+011 
-3.361256e+010 -1.027838e+011 
-3.072255e+010 -1.036853e+011 
-2.780848e+010 -1.045056e+011 
-2.487261e+010 -1.052440e+011 
-2.191725e+010 -1.058999e+011 
-1.894472e+010 -1.064728e+011 
-1.595735e+010 -1.069623e+011 
-1.295747e+010 -1.073681e+011 
-9.947438e+009 -1.076897e+011 
-6.929615e+009 -1.079269e+011 
-3.906363e+009 -1.080795e+011 
-8.800505e+008 -1.081475e+011 
2.146951e+009 -1.081308e+011 
5.172272e+009 -1.080294e+011 
8.193540e+009 -1.078433e+011 
1.120839e+010 -1.075728e+011 
1.421446e+010 -1.072180e+011 
1.720940e+010 -1.067792e+011 
2.019086e+010 -1.062568e+011 
2.315650e+010 -1.056512e+011 
2.610400e+010 -1.049628e+011 
2.903107e+010 -1.041922e+011 
3.193539e+010 -1.033400e+011 
3.481471e+010 -1.024068e+011 
3.766676e+010 -1.013935e+011 
4.048931e+010 -1.003008e+011 
4.328015e+010 -9.912948e+010 
4.603711e+010 -9.788057e+010 
4.875801e+010 -9.655502e+010 
5.144073e+010 -9.515386e+010 
5.408318e+010 -9.367819e+010 
5.668328e+010 -9.212917e+010 
5.923899e+010 -9.050802e+010 
6.174833e+010 -8.881600e+010 
6.420931e+010 -8.705444e+010 
6.662003e+010 -8.522473e+010 
6.897859e+010 -8.332829e+010 
7.128315e+010 -8.136661e+010 
7.353190e+010 -7.934123e+010 
7.572308e+010 -7.725375e+010 
7.785499e+010 -7.510578e+010 
7.992594e+010 -7.289902e+010 
8.193434e+010 -7.063519e+010 
8.387859e+010 -6.831606e+010 
8.575718e+010 -6.594346e+010 
8.756864e+010 -6.351924e+010 
8.931156e+010 -6.104531e+010 
9.098457e+010 -5.852358e+010 
9.258637e+010 -5.595605e+010 
9.411569e+010 -5.334472e+010 
9.557135e+010 -5.069164e+010 
9.695220e+010 -4.799888e+010 
9.825717e+010 -4.526855e+010 
9.948524e+010 -4.250279e+010 
1.006354e+011 -3.970376e+010 
1.017069e+011 -3.687366e+010 
1.026987e+011 -3.401470e+010 
1.036102e+011 -3.112912e+010 
1.044405e+011 -2.821918e+010 
1.051892e+011 -2.528715e+010 
1.058555e+011 -2.233533e+010 
1.064389e+011 -1.936602e+010 
1.069391e+011 -1.638157e+010 
1.073555e+011 -1.338429e+010 
1.076880e+011 -1.037653e+010 
1.079362e+011 -7.360659e+009 
1.080999e+011 -4.339024e+009 
1.081790e+011 -1.313993e+009 
1.081734e+011 1.712066e+009 
1.080832e+011 4.736786e+009 
1.079083e+011 7.757798e+009 
1.076491e+011 1.077274e+010 
1.073056e+011 1.377925e+010 
1.068781e+011 1.677498e+010 
1.063670e+011 1.975758e+010 
1.057726e+011 2.272471e+010 
1.050954e+011 2.567406e+010 
1.043360e+011 2.860332e+010 
1.034949e+011 3.151019e+010 
1.025729e+011 3.439240e+010 
1.015705e+011 3.724770e+010 
1.004887e+011 4.007384e+010 
9.932821e+010 4.286862e+010 
9.808998e+010 4.562984e+010 
9.677498e+010 4.835535e+010 
9.538424e+010 5.104302e+010 
9.391884e+010 5.369074e+010 
9.237993e+010 5.629643e+010 
9.076871e+010 5.885805e+010 
8.908644e+010 6.137361e+010 
8.733445e+010 6.384113e+010 
8.551409e+010 6.625868e+010 
8.362680e+010 6.862436e+010 
8.167404e+010 7.093633e+010 
7.965735e+010 7.319276e+010 
7.757831e+010 7.539191e+010 
7.543854e+010 7.753203e+010 
7.323971e+010 7.961146e+010 
7.098355e+010 8.162857e+010 
6.867181e+010 8.358178e+010 
6.630632e+010 8.546955e+010 
6.388892e+010 8.729041e+010 
6.142149e+010 8.904292e+010 
5.890598e+010 9.072573e+010 
5.634435e+010 9.233750e+010 
5.373860e+010 9.387698e+010 
5.109078e+010 9.534295e+010 
4.840295e+010 9.673427e+010 
4.567723e+010 9.804985e+010 
4.291574e+010 9.928865e+010 
4.012064e+010 1.004497e+011 
3.729412e+010 1.015321e+011 
3.443841e+010 1.025350e+011 
3.155572e+010 1.034576e+011 
2.864832e+010 1.042992e+011 
2.571848e+010 1.050590e+011 
2.276851e+010 1.057367e+011 
1.980070e+010 1.063315e+011 
1.681738e+010 1.068430e+011 
1.382089e+010 1.072708e+011 
1.081358e+010 1.076147e+011 
7.797794e+009 1.078742e+011 
4.775902e+009 1.080492e+011 
1.750270e+009 1.081396e+011 
-1.276734e+009 1.081453e+011 
