731 2
0.000000e+000 1.434000e+012 
-8.506302e+008 1.434000e+012 
-1.701260e+009 1.433999e+012 
-2.551889e+009 1.433998e+012 
-3.402518e+009 1.433996e+012 
-4.253145e+009 1.433994e+012 
-5.103771e+009 1.433991e+012 
-5.954395e+009 1.433988e+012 
-6.805017e+009 1.433985e+012 
-7.655637e+009 1.433980e+012 
-8.506255e+009 1.433976e+012 
-9.356869e+009 1.433971e+012 
-1.020748e+010 1.433965e+012 
-1.105809e+010 1.433959e+012 
-1.190869e+010 1.433953e+012 
-1.275929e+010 1.433946e+012 
-1.360989e+010 1.433938e+012 
-1.446048e+010 1.433930e+012 
-1.531107e+010 1.433922e+012 
-1.616165e+010 1.433913e+012 
-1.701222e+010 1.433904e+012 
-1.786279e+010 1.433894e+012 
-1.871336e+010 1.433883e+012 
-1.956392e+010 1.433873e+012 
-2.041447e+010 1.433861e+012 
-2.126501e+010 1.433849e+012 
-2.211555e+010 1.433837e+012 
-2.296608e+010 1.433824e+012 
-2.381660e+010 1.433811e+012 
-2.466711e+010 1.433797e+012 
-2.551762e+010 1.433783e+012 
-2.636812e+010 1.433768e+012 
-2.721861e+010 1.433753e+012 
-2.806909e+010 1.433738e+012 
-2.891956e+010 1.433721e+012 
-2.977002e+010 1.433705e+012 
-3.062047e+010 1.433688e+012 
-3.147091e+010 1.433670e+012 
-3.232133e+010 1.433652e+012 
-3.317175e+010 1.433634e+012 
-3.402216e+010 1.433614e+012 
-3.487256e+010 1.433595e+012 
-3.572294e+010 1.433575e+012 
-3.657331e+010 1.433554e+012 
-3.742367e+010 1.433534e+012 
-3.827402e+010 1.433512e+012 
-3.912435e+010 1.433490e+012 
-3.997467e+010 1.433468e+012 
-4.082498e+010 1.433445e+012 
-4.167528e+010 1.433422e+012 
-4.252556e+010 1.433398e+012 
-4.337582e+010 1.433373e+012 
-4.422607e+010 1.433349e+012 
-4.507631e+010 1.433323e+012 
-4.592653e+010 1.433297e+012 
-4.677674e+010 1.433271e+012 
-4.762693e+010 1.433244e+012 
-4.847710e+010 1.433217e+012 
-4.932726e+010 1.433190e+012 
-5.017740e+010 1.433161e+012 
-5.102752e+010 1.433133e+012 
-5.187763e+010 1.433104e+012 
-5.272772e+010 1.433074e+012 
-5.357779e+010 1.433044e+012 
-5.442785e+010 1.433013e+012 
-5.527788e+010 1.432982e+012 
-5.612790e+010 1.432951e+012 
-5.697790e+010 1.432918e+012 
-5.782788e+010 1.432886e+012 
-5.867784e+010 1.432853e+012 
-5.952778e+010 1.432819e+012 
-6.037770e+010 1.432786e+012 
-6.122760e+010 1.432751e+012 
-6.207747e+010 1.432716e+012 
-6.292733e+010 1.432681e+012 
-6.377717e+010 1.432645e+012 
-6.462699e+010 1.432608e+012 
-6.547678e+010 1.432572e+012 
-6.632655e+010 1.432534e+012 
-6.717630e+010 1.432496e+012 
-6.802603e+010 1.432458e+012 
-6.887573e+010 1.432419e+012 
-6.972541e+010 1.432380e+012 
-7.057507e+010 1.432340e+012 
-7.142470e+010 1.432300e+012 
-7.227431e+010 1.432259e+012 
-7.312390e+010 1.432218e+012 
-7.397346e+010 1.432177e+012 
-7.482300e+010 1.432134e+012 
-7.567251e+010 1.432092e+012 
-7.652199e+010 1.432049e+012 
-7.737145e+010 1.432005e+012 
-7.822089e+010 1.431961e+012 
-7.907030e+010 1.431917e+012 
-7.991968e+010 1.431871e+012 
-8.076903e+010 1.431826e+012 
-8.161836e+010 1.431780e+012 
-8.246766e+010 1.431734e+012 
-8.331693e+010 1.431687e+012 
-8.416617e+010 1.431639e+012 
-8.501539e+010 1.431591e+012 
-8.586458e+010 1.431543e+012 
-8.671374e+010 1.431494e+012 
-8.756286e+010 1.431445e+012 
-8.841196e+010 1.431395e+012 
-8.926103e+010 1.431344e+012 
-9.011007e+010 1.431294e+012 
-9.095908e+010 1.431242e+012 
-9.180806e+010 1.431191e+012 
-9.265701e+010 1.431138e+012 
-9.350593e+010 1.431086e+012 
-9.435481e+010 1.431032e+012 
-9.520367e+010 1.430979e+012 
-9.605249e+010 1.430924e+012 
-9.690128e+010 1.430870e+012 
-9.775004e+010 1.430815e+012 
-9.859876e+010 1.430759e+012 
-9.944745e+010 1.430703e+012 
-1.002961e+011 1.430646e+012 
-1.011447e+011 1.430589e+012 
-1.019933e+011 1.430532e+012 
-1.028419e+011 1.430474e+012 
-1.036904e+011 1.430415e+012 
-1.045389e+011 1.430356e+012 
-1.053873e+011 1.430297e+012 
-1.062358e+011 1.430237e+012 
-1.070841e+011 1.430176e+012 
-1.079325e+011 1.430116e+012 
-1.087808e+011 1.430054e+012 
-1.096291e+011 1.429992e+012 
-1.104773e+011 1.429930e+012 
-1.113255e+011 1.429867e+012 
-1.121737e+011 1.429804e+012 
-1.130218e+011 1.429740e+012 
-1.138699e+011 1.429676e+012 
-1.147179e+011 1.429611e+012 
-1.155659e+011 1.429546e+012 
-1.164139e+011 1.429480e+012 
-1.172618e+011 1.429414e+012 
-1.181097e+011 1.429347e+012 
-1.189576e+011 1.429280e+012 
-1.198054e+011 1.429213e+012 
-1.206531e+011 1.429144e+012 
-1.215009e+011 1.429076e+012 
-1.223486e+011 1.429007e+012 
-1.231962e+011 1.428937e+012 
-1.240438e+011 1.428867e+012 
-1.248914e+011 1.428797e+012 
-1.257389e+011 1.428726e+012 
-1.265864e+011 1.428654e+012 
-1.274338e+011 1.428582e+012 
-1.282812e+011 1.428510e+012 
-1.291286e+011 1.428437e+012 
-1.299759e+011 1.428364e+012 
-1.308231e+011 1.428290e+012 
-1.316704e+011 1.428215e+012 
-1.325175e+011 1.428141e+012 
-1.333647e+011 1.428065e+012 
-1.342118e+011 1.427990e+012 
-1.350588e+011 1.427913e+012 
-1.359058e+011 1.427837e+012 
-1.367528e+011 1.427759e+012 
-1.375997e+011 1.427682e+012 
-1.384465e+011 1.427603e+012 
-1.392933e+011 1.427525e+012 
-1.401401e+011 1.427446e+012 
-1.409868e+011 1.427366e+012 
-1.418335e+011 1.427286e+012 
-1.426801e+011 1.427205e+012 
-1.435267e+011 1.427124e+012 
-1.443732e+011 1.427043e+012 
-1.452197e+011 1.426961e+012 
-1.460661e+011 1.426878e+012 
-1.469125e+011 1.426795e+012 
-1.477588e+011 1.426712e+012 
-1.486051e+011 1.426628e+012 
-1.494514e+011 1.426543e+012 
-1.502975e+011 1.426459e+012 
-1.511437e+011 1.426373e+012 
-1.519898e+011 1.426287e+012 
-1.528358e+011 1.426201e+012 
-1.536818e+011 1.426114e+012 
-1.545277e+011 1.426027e+012 
-1.553736e+011 1.425939e+012 
-1.562194e+011 1.425851e+012 
-1.570652e+011 1.425762e+012 
-1.579109e+011 1.425673e+012 
-1.587566e+011 1.425583e+012 
-1.596022e+011 1.425493e+012 
-1.604477e+011 1.425403e+012 
-1.612932e+011 1.425311e+012 
-1.621387e+011 1.425220e+012 
-1.629841e+011 1.425128e+012 
-1.638294e+011 1.425035e+012 
-1.646747e+011 1.424942e+012 
-1.655199e+011 1.424849e+012 
-1.663651e+011 1.424755e+012 
-1.672102e+011 1.424660e+012 
-1.680553e+011 1.424565e+012 
-1.689003e+011 1.424470e+012 
-1.697453e+011 1.424374e+012 
-1.705901e+011 1.424278e+012 
-1.714350e+011 1.424181e+012 
-1.722798e+011 1.424083e+012 
-1.731245e+011 1.423986e+012 
-1.739691e+011 1.423887e+012 
-1.748137e+011 1.423789e+012 
-1.756583e+011 1.423689e+012 
-1.765028e+011 1.423590e+012 
-1.773472e+011 1.423489e+012 
-1.781916e+011 1.423389e+012 
-1.790359e+011 1.423288e+012 
-1.798801e+011 1.423186e+012 
-1.807243e+011 1.423084e+012 
-1.815684e+011 1.422981e+012 
-1.824125e+011 1.422878e+012 
-1.832565e+011 1.422775e+012 
-1.841005e+011 1.422671e+012 
-1.849443e+011 1.422566e+012 
-1.857882e+011 1.422461e+012 
-1.866319e+011 1.422356e+012 
-1.874756e+011 1.422250e+012 
-1.883192e+011 1.422143e+012 
-1.891628e+011 1.422036e+012 
-1.900063e+011 1.421929e+012 
-1.908498e+011 1.421821e+012 
-1.916931e+011 1.421713e+012 
-1.925364e+011 1.421604e+012 
-1.933797e+011 1.421495e+012 
-1.942229e+011 1.421385e+012 
-1.950660e+011 1.421275e+012 
-1.959090e+011 1.421164e+012 
-1.967520e+011 1.421053e+012 
-1.975950e+011 1.420941e+012 
-1.984378e+011 1.420829e+012 
-1.992806e+011 1.420717e+012 
-2.001233e+011 1.420603e+012 
-2.009660e+011 1.420490e+012 
-2.018086e+011 1.420376e+012 
-2.026511e+011 1.420261e+012 
-2.034935e+011 1.420146e+012 
-2.043359e+011 1.420031e+012 
-2.051782e+011 1.419915e+012 
-2.060205e+011 1.419798e+012 
-2.068626e+011 1.419682e+012 
-2.077047e+011 1.419564e+012 
-2.085468e+011 1.419446e+012 
-2.093887e+011 1.419328e+012 
-2.102306e+011 1.419209e+012 
-2.110725e+011 1.419090e+012 
-2.119142e+011 1.418970e+012 
-2.127559e+011 1.418850e+012 
-2.135975e+011 1.418729e+012 
-2.144391e+011 1.418608e+012 
-2.152805e+011 1.418486e+012 
-2.161219e+011 1.418364e+012 
-2.169632e+011 1.418242e+012 
-2.178045e+011 1.418118e+012 
-2.186457e+011 1.417995e+012 
-2.194868e+011 1.417871e+012 
-2.203278e+011 1.417746e+012 
-2.211688e+011 1.417621e+012 
-2.220096e+011 1.417496e+012 
-2.228505e+011 1.417370e+012 
-2.236912e+011 1.417243e+012 
-2.245318e+011 1.417117e+012 
-2.253724e+011 1.416989e+012 
-2.262129e+011 1.416861e+012 
-2.270534e+011 1.416733e+012 
-2.278937e+011 1.416604e+012 
-2.287340e+011 1.416475e+012 
-2.295742e+011 1.416345e+012 
-2.304143e+011 1.416215e+012 
-2.312544e+011 1.416084e+012 
-2.320944e+011 1.415953e+012 
-2.329342e+011 1.415821e+012 
-2.337741e+011 1.415689e+012 
-2.346138e+011 1.415557e+012 
-2.354535e+011 1.415424e+012 
-2.362930e+011 1.415290e+012 
-2.371325e+011 1.415156e+012 
-2.379719e+011 1.415022e+012 
-2.388113e+011 1.414887e+012 
-2.396505e+011 1.414751e+012 
-2.404897e+011 1.414615e+012 
-2.413288e+011 1.414479e+012 
-2.421678e+011 1.414342e+012 
-2.430068e+011 1.414205e+012 
-2.438456e+011 1.414067e+012 
-2.446844e+011 1.413929e+012 
-2.455231e+011 1.413790e+012 
-2.463617e+011 1.413650e+012 
-2.472002e+011 1.413511e+012 
-2.480387e+011 1.413371e+012 
-2.488770e+011 1.413230e+012 
-2.497153e+011 1.413089e+012 
-2.505535e+011 1.412947e+012 
-2.513916e+011 1.412805e+012 
-2.522296e+011 1.412663e+012 
-2.530676e+011 1.412519e+012 
-2.539054e+011 1.412376e+012 
-2.547432e+011 1.412232e+012 
-2.555809e+011 1.412088e+012 
-2.564185e+011 1.411943e+012 
-2.572560e+011 1.411797e+012 
-2.580934e+011 1.411651e+012 
-2.589308e+011 1.411505e+012 
-2.597680e+011 1.411358e+012 
-2.606052e+011 1.411211e+012 
-2.614423e+011 1.411063e+012 
-2.622792e+011 1.410915e+012 
-2.631161e+011 1.410766e+012 
-2.639530e+011 1.410617e+012 
-2.647897e+011 1.410467e+012 
-2.656263e+011 1.410317e+012 
-2.664629e+011 1.410167e+012 
-2.672993e+011 1.410015e+012 
-2.681357e+011 1.409864e+012 
-2.689720e+011 1.409712e+012 
-2.698082e+011 1.409559e+012 
-2.706443e+011 1.409406e+012 
-2.714803e+011 1.409253e+012 
-2.723162e+011 1.409099e+012 
-2.731520e+011 1.408945e+012 
-2.739878e+011 1.408790e+012 
-2.748234e+011 1.408634e+012 
-2.756589e+011 1.408479e+012 
-2.764944e+011 1.408322e+012 
-2.773298e+011 1.408166e+012 
-2.781650e+011 1.408008e+012 
-2.790002e+011 1.407851e+012 
-2.798353e+011 1.407693e+012 
-2.806703e+011 1.407534e+012 
-2.815052e+011 1.407375e+012 
-2.823400e+011 1.407215e+012 
-2.831747e+011 1.407055e+012 
-2.840093e+011 1.406895e+012 
-2.848438e+011 1.406734e+012 
-2.856783e+011 1.406572e+012 
-2.865126e+011 1.406410e+012 
-2.873468e+011 1.406248e+012 
-2.881810e+011 1.406085e+012 
-2.890150e+011 1.405922e+012 
-2.898489e+011 1.405758e+012 
-2.906828e+011 1.405593e+012 
-2.915165e+011 1.405429e+012 
-2.923502e+011 1.405263e+012 
-2.931837e+011 1.405098e+012 
-2.940172e+011 1.404932e+012 
-2.948505e+011 1.404765e+012 
-2.956838e+011 1.404598e+012 
-2.965169e+011 1.404430e+012 
-2.973500e+011 1.404262e+012 
-2.981830e+011 1.404094e+012 
-2.990158e+011 1.403925e+012 
-2.998486e+011 1.403755e+012 
-3.006812e+011 1.403585e+012 
-3.015138e+011 1.403415e+012 
-3.023462e+011 1.403244e+012 
-3.031786e+011 1.403073e+012 
-3.040108e+011 1.402901e+012 
-3.048430e+011 1.402728e+012 
-3.056750e+011 1.402556e+012 
-3.065070e+011 1.402382e+012 
-3.073388e+011 1.402209e+012 
-3.081706e+011 1.402035e+012 
-3.090022e+011 1.401860e+012 
-3.098337e+011 1.401685e+012 
-3.106652e+011 1.401509e+012 
-3.114965e+011 1.401333e+012 
-3.123277e+011 1.401157e+012 
-3.131588e+011 1.400980e+012 
-3.139898e+011 1.400802e+012 
-3.148208e+011 1.400624e+012 
-3.156516e+011 1.400446e+012 
-3.164822e+011 1.400267e+012 
-3.173128e+011 1.400088e+012 
-3.181433e+011 1.399908e+012 
-3.189737e+011 1.399728e+012 
-3.198040e+011 1.399547e+012 
-3.206341e+011 1.399366e+012 
-3.214642e+011 1.399184e+012 
-3.222941e+011 1.399002e+012 
-3.231240e+011 1.398819e+012 
-3.239537e+011 1.398636e+012 
-3.247833e+011 1.398453e+012 
-3.256128e+011 1.398268e+012 
-3.264422e+011 1.398084e+012 
-3.272715e+011 1.397899e+012 
-3.281007e+011 1.397714e+012 
-3.289298e+011 1.397528e+012 
-3.297588e+011 1.397341e+012 
-3.305876e+011 1.397155e+012 
-3.314164e+011 1.396967e+012 
-3.322450e+011 1.396779e+012 
-3.330735e+011 1.396591e+012 
-3.339019e+011 1.396402e+012 
-3.347302e+011 1.396213e+012 
-3.355584e+011 1.396024e+012 
-3.363865e+011 1.395834e+012 
-3.372145e+011 1.395643e+012 
-3.380423e+011 1.395452e+012 
-3.388700e+011 1.395260e+012 
-3.396977e+011 1.395068e+012 
-3.405252e+011 1.394876e+012 
-3.413526e+011 1.394683e+012 
-3.421799e+011 1.394490e+012 
-3.430070e+011 1.394296e+012 
-3.438341e+011 1.394102e+012 
-3.446610e+011 1.393907e+012 
-3.454878e+011 1.393712e+012 
-3.463145e+011 1.393516e+012 
-3.471411e+011 1.393320e+012 
-3.479676e+011 1.393123e+012 
-3.487940e+011 1.392926e+012 
-3.496202e+011 1.392728e+012 
-3.504463e+011 1.392530e+012 
-3.512723e+011 1.392332e+012 
-3.520982e+011 1.392133e+012 
-3.529240e+011 1.391933e+012 
-3.537496e+011 1.391734e+012 
-3.545752e+011 1.391533e+012 
-3.554006e+011 1.391332e+012 
-3.562259e+011 1.391131e+012 
-3.570511e+011 1.390929e+012 
-3.578761e+011 1.390727e+012 
-3.587010e+011 1.390524e+012 
-3.595259e+011 1.390321e+012 
-3.603506e+011 1.390118e+012 
-3.611751e+011 1.389913e+012 
-3.619996e+011 1.389709e+012 
-3.628239e+011 1.389504e+012 
-3.636481e+011 1.389298e+012 
-3.644722e+011 1.389092e+012 
-3.652962e+011 1.388886e+012 
-3.661201e+011 1.388679e+012 
-3.669438e+011 1.388472e+012 
-3.677674e+011 1.388264e+012 
-3.685909e+011 1.388056e+012 
-3.694142e+011 1.387847e+012 
-3.702374e+011 1.387638e+012 
-3.710606e+011 1.387428e+012 
-3.718835e+011 1.387218e+012 
-3.727064e+011 1.387007e+012 
-3.735291e+011 1.386796e+012 
-3.743517e+011 1.386585e+012 
-3.751742e+011 1.386373e+012 
-3.759966e+011 1.386160e+012 
-3.768188e+011 1.385947e+012 
-3.776409e+011 1.385734e+012 
-3.784629e+011 1.385520e+012 
-3.792848e+011 1.385306e+012 
-3.801065e+011 1.385091e+012 
-3.809281e+011 1.384876e+012 
-3.817496e+011 1.384660e+012 
-3.825709e+011 1.384444e+012 
-3.833921e+011 1.384227e+012 
-3.842132e+011 1.384010e+012 
-3.850342e+011 1.383793e+012 
-3.858550e+011 1.383575e+012 
-3.866757e+011 1.383356e+012 
-3.874963e+011 1.383137e+012 
-3.883167e+011 1.382918e+012 
-3.891371e+011 1.382698e+012 
-3.899572e+011 1.382478e+012 
-3.907773e+011 1.382257e+012 
-3.915972e+011 1.382036e+012 
-3.924170e+011 1.381814e+012 
-3.932367e+011 1.381592e+012 
-3.940562e+011 1.381369e+012 
-3.948756e+011 1.381146e+012 
-3.956949e+011 1.380923e+012 
-3.965140e+011 1.380699e+012 
-3.973330e+011 1.380474e+012 
-3.981519e+011 1.380249e+012 
-3.989706e+011 1.380024e+012 
-3.997892e+011 1.379798e+012 
-4.006077e+011 1.379571e+012 
-4.014260e+011 1.379345e+012 
-4.022442e+011 1.379117e+012 
-4.030623e+011 1.378890e+012 
-4.038802e+011 1.378662e+012 
-4.046980e+011 1.378433e+012 
-4.055157e+011 1.378204e+012 
-4.063332e+011 1.377974e+012 
-4.071506e+011 1.377744e+012 
-4.079678e+011 1.377514e+012 
-4.087849e+011 1.377283e+012 
-4.096019e+011 1.377051e+012 
-4.104188e+011 1.376820e+012 
-4.112355e+011 1.376587e+012 
-4.120520e+011 1.376355e+012 
-4.128685e+011 1.376121e+012 
-4.136848e+011 1.375888e+012 
-4.145009e+011 1.375653e+012 
-4.153169e+011 1.375419e+012 
-4.161328e+011 1.375184e+012 
-4.169486e+011 1.374948e+012 
-4.177642e+011 1.374712e+012 
-4.185796e+011 1.374476e+012 
-4.193949e+011 1.374239e+012 
-4.202101e+011 1.374002e+012 
-4.210252e+011 1.373764e+012 
-4.218401e+011 1.373525e+012 
-4.226548e+011 1.373287e+012 
-4.234694e+011 1.373047e+012 
-4.242839e+011 1.372808e+012 
-4.250982e+011 1.372568e+012 
-4.259124e+011 1.372327e+012 
-4.267265e+011 1.372086e+012 
-4.275404e+011 1.371845e+012 
-4.283541e+011 1.371603e+012 
-4.291678e+011 1.371360e+012 
-4.299812e+011 1.371117e+012 
-4.307946e+011 1.370874e+012 
-4.316078e+011 1.370630e+012 
-4.324208e+011 1.370386e+012 
-4.332337e+011 1.370141e+012 
-4.340465e+011 1.369896e+012 
-4.348591e+011 1.369650e+012 
-4.356715e+011 1.369404e+012 
-4.364839e+011 1.369158e+012 
-4.372960e+011 1.368911e+012 
-4.381081e+011 1.368663e+012 
-4.389200e+011 1.368415e+012 
-4.397317e+011 1.368167e+012 
-4.405433e+011 1.367918e+012 
-4.413547e+011 1.367669e+012 
-4.421660e+011 1.367419e+012 
-4.429772e+011 1.367169e+012 
-4.437882e+011 1.366918e+012 
-4.445990e+011 1.366667e+012 
-4.454097e+011 1.366416e+012 
-4.462203e+011 1.366164e+012 
-4.470307e+011 1.365911e+012 
-4.478409e+011 1.365658e+012 
-4.486510e+011 1.365405e+012 
-4.494610e+011 1.365151e+012 
-4.502708e+011 1.364897e+012 
-4.510805e+011 1.364642e+012 
-4.518900e+011 1.364387e+012 
-4.526993e+011 1.364131e+012 
-4.535085e+011 1.363875e+012 
-4.543176e+011 1.363619e+012 
-4.551265e+011 1.363362e+012 
-4.559352e+011 1.363104e+012 
-4.567438e+011 1.362846e+012 
-4.575523e+011 1.362588e+012 
-4.583606e+011 1.362329e+012 
-4.591687e+011 1.362070e+012 
-4.599767e+011 1.361810e+012 
-4.607845e+011 1.361550e+012 
-4.615922e+011 1.361289e+012 
-4.623997e+011 1.361028e+012 
-4.632071e+011 1.360766e+012 
-4.640143e+011 1.360504e+012 
-4.648214e+011 1.360242e+012 
-4.656283e+011 1.359979e+012 
-4.664350e+011 1.359715e+012 
-4.672416e+011 1.359452e+012 
-4.680481e+011 1.359187e+012 
-4.688543e+011 1.358923e+012 
-4.696605e+011 1.358657e+012 
-4.704664e+011 1.358392e+012 
-4.712723e+011 1.358126e+012 
-4.720779e+011 1.357859e+012 
-4.728834e+011 1.357592e+012 
-4.736887e+011 1.357325e+012 
-4.744939e+011 1.357057e+012 
-4.752990e+011 1.356788e+012 
-4.761038e+011 1.356519e+012 
-4.769085e+011 1.356250e+012 
-4.777131e+011 1.355980e+012 
-4.785175e+011 1.355710e+012 
-4.793217e+011 1.355440e+012 
-4.801258e+011 1.355169e+012 
-4.809297e+011 1.354897e+012 
-4.817334e+011 1.354625e+012 
-4.825370e+011 1.354353e+012 
-4.833404e+011 1.354080e+012 
-4.841437e+011 1.353806e+012 
-4.849468e+011 1.353533e+012 
-4.857497e+011 1.353258e+012 
-4.865525e+011 1.352984e+012 
-4.873551e+011 1.352708e+012 
-4.881576e+011 1.352433e+012 
-4.889599e+011 1.352157e+012 
-4.897620e+011 1.351880e+012 
-4.905640e+011 1.351603e+012 
-4.913658e+011 1.351326e+012 
-4.921674e+011 1.351048e+012 
-4.929689e+011 1.350770e+012 
-4.937702e+011 1.350491e+012 
-4.945714e+011 1.350212e+012 
-4.953723e+011 1.349932e+012 
-4.961732e+011 1.349652e+012 
-4.969738e+011 1.349372e+012 
-4.977743e+011 1.349091e+012 
-4.985746e+011 1.348809e+012 
-4.993748e+011 1.348527e+012 
-5.001748e+011 1.348245e+012 
-5.009746e+011 1.347962e+012 
-5.017742e+011 1.347679e+012 
-5.025737e+011 1.347395e+012 
-5.033730e+011 1.347111e+012 
-5.041722e+011 1.346826e+012 
-5.049712e+011 1.346541e+012 
-5.057700e+011 1.346256e+012 
-5.065686e+011 1.345970e+012 
-5.073671e+011 1.345683e+012 
-5.081654e+011 1.345397e+012 
-5.089636e+011 1.345109e+012 
-5.097615e+011 1.344822e+012 
-5.105593e+011 1.344533e+012 
-5.113570e+011 1.344245e+012 
-5.121544e+011 1.343956e+012 
-5.129517e+011 1.343666e+012 
-5.137488e+011 1.343376e+012 
-5.145458e+011 1.343086e+012 
-5.153425e+011 1.342795e+012 
-5.161391e+011 1.342504e+012 
-5.169356e+011 1.342212e+012 
-5.177318e+011 1.341920e+012 
-5.185279e+011 1.341627e+012 
-5.193238e+011 1.341334e+012 
-5.201196e+011 1.341040e+012 
-5.209152e+011 1.340746e+012 
-5.217105e+011 1.340452e+012 
-5.225058e+011 1.340157e+012 
-5.233008e+011 1.339862e+012 
-5.240957e+011 1.339566e+012 
-5.248904e+011 1.339270e+012 
-5.256849e+011 1.338973e+012 
-5.264793e+011 1.338676e+012 
-5.272734e+011 1.338378e+012 
-5.280674e+011 1.338080e+012 
-5.288613e+011 1.337782e+012 
-5.296549e+011 1.337483e+012 
-5.304484e+011 1.337184e+012 
-5.312417e+011 1.336884e+012 
-5.320348e+011 1.336583e+012 
-5.328277e+011 1.336283e+012 
-5.336205e+011 1.335982e+012 
-5.344131e+011 1.335680e+012 
-5.352055e+011 1.335378e+012 
-5.359977e+011 1.335076e+012 
-5.367897e+011 1.334773e+012 
-5.375816e+011 1.334469e+012 
-5.383733e+011 1.334166e+012 
-5.391648e+011 1.333861e+012 
-5.399562e+011 1.333557e+012 
-5.407473e+011 1.333252e+012 
-5.415383e+011 1.332946e+012 
-5.423291e+011 1.332640e+012 
-5.431197e+011 1.332333e+012 
-5.439101e+011 1.332027e+012 
-5.447004e+011 1.331719e+012 
-5.454904e+011 1.331411e+012 
-5.462803e+011 1.331103e+012 
-5.470700e+011 1.330795e+012 
-5.478596e+011 1.330485e+012 
-5.486489e+011 1.330176e+012 
-5.494381e+011 1.329866e+012 
-5.502270e+011 1.329555e+012 
-5.510158e+011 1.329245e+012 
-5.518045e+011 1.328933e+012 
-5.525929e+011 1.328621e+012 
-5.533811e+011 1.328309e+012 
-5.541692e+011 1.327997e+012 
-5.549571e+011 1.327683e+012 
-5.557448e+011 1.327370e+012 
-5.565323e+011 1.327056e+012 
-5.573196e+011 1.326742e+012 
-5.581067e+011 1.326427e+012 
-5.588937e+011 1.326111e+012 
-5.596804e+011 1.325796e+012 
-5.604670e+011 1.325479e+012 
-5.612534e+011 1.325163e+012 
-5.620396e+011 1.324846e+012 
-5.628256e+011 1.324528e+012 
-5.636115e+011 1.324210e+012 
-5.643971e+011 1.323892e+012 
-5.651826e+011 1.323573e+012 
-5.659678e+011 1.323254e+012 
-5.667529e+011 1.322934e+012 
-5.675378e+011 1.322614e+012 
-5.683225e+011 1.322293e+012 
-5.691070e+011 1.321972e+012 
-5.698913e+011 1.321651e+012 
-5.706755e+011 1.321329e+012 
-5.714594e+011 1.321007e+012 
-5.722432e+011 1.320684e+012 
-5.730267e+011 1.320361e+012 
-5.738101e+011 1.320037e+012 
-5.745933e+011 1.319713e+012 
-5.753763e+011 1.319388e+012 
-5.761591e+011 1.319063e+012 
-5.769417e+011 1.318738e+012 
-5.777241e+011 1.318412e+012 
-5.785064e+011 1.318086e+012 
-5.792884e+011 1.317759e+012 
-5.800702e+011 1.317432e+012 
-5.808519e+011 1.317104e+012 
-5.816333e+011 1.316776e+012 
-5.824146e+011 1.316448e+012 
-5.831957e+011 1.316119e+012 
-5.839766e+011 1.315790e+012 
-5.847572e+011 1.315460e+012 
-5.855377e+011 1.315130e+012 
-5.863180e+011 1.314799e+012 
-5.870981e+011 1.314468e+012 
-5.878780e+011 1.314136e+012 
-5.886577e+011 1.313804e+012 
-5.894372e+011 1.313472e+012 
-5.902166e+011 1.313139e+012 
-5.909957e+011 1.312806e+012 
-5.917746e+011 1.312472e+012 
-5.925533e+011 1.312138e+012 
-5.933319e+011 1.311803e+012 
-5.941102e+011 1.311468e+012 
-5.948883e+011 1.311133e+012 
-5.956663e+011 1.310797e+012 
-5.964440e+011 1.310461e+012 
-5.972216e+011 1.310124e+012 
-5.979989e+011 1.309787e+012 
-5.987761e+011 1.309449e+012 
-5.995530e+011 1.309111e+012 
-6.003298e+011 1.308772e+012 
-6.011063e+011 1.308433e+012 
-6.018827e+011 1.308094e+012 
-6.026588e+011 1.307754e+012 
