731 2
-4.495000e+012 0.000000e+000 
-4.495000e+012 -4.686358e+008 
-4.495000e+012 -9.372715e+008 
-4.495000e+012 -1.405907e+009 
-4.495000e+012 -1.874543e+009 
-4.494999e+012 -2.343179e+009 
-4.494999e+012 -2.811814e+009 
-4.494999e+012 -3.280450e+009 
-4.494998e+012 -3.749086e+009 
-4.494998e+012 -4.217721e+009 
-4.494998e+012 -4.686357e+009 
-4.494997e+012 -5.154992e+009 
-4.494996e+012 -5.623628e+009 
-4.494996e+012 -6.092263e+009 
-4.494995e+012 -6.560898e+009 
-4.494994e+012 -7.029534e+009 
-4.494994e+012 -7.498169e+009 
-4.494993e+012 -7.966804e+009 
-4.494992e+012 -8.435439e+009 
-4.494991e+012 -8.904074e+009 
-4.494990e+012 -9.372708e+009 
-4.494989e+012 -9.841343e+009 
-4.494988e+012 -1.030998e+010 
-4.494987e+012 -1.077861e+010 
-4.494986e+012 -1.124725e+010 
-4.494985e+012 -1.171588e+010 
-4.494983e+012 -1.218451e+010 
-4.494982e+012 -1.265315e+010 
-4.494981e+012 -1.312178e+010 
-4.494979e+012 -1.359042e+010 
-4.494978e+012 -1.405905e+010 
-4.494976e+012 -1.452768e+010 
-4.494975e+012 -1.499632e+010 
-4.494973e+012 -1.546495e+010 
-4.494972e+012 -1.593358e+010 
-4.494970e+012 -1.640222e+010 
-4.494968e+012 -1.687085e+010 
-4.494966e+012 -1.733948e+010 
-4.494965e+012 -1.780811e+010 
-4.494963e+012 -1.827674e+010 
-4.494961e+012 -1.874538e+010 
-4.494959e+012 -1.921401e+010 
-4.494957e+012 -1.968264e+010 
-4.494955e+012 -2.015127e+010 
-4.494953e+012 -2.061990e+010 
-4.494950e+012 -2.108853e+010 
-4.494948e+012 -2.155716e+010 
-4.494946e+012 -2.202579e+010 
-4.494943e+012 -2.249442e+010 
-4.494941e+012 -2.296305e+010 
-4.494939e+012 -2.343168e+010 
-4.494936e+012 -2.390031e+010 
-4.494934e+012 -2.436894e+010 
-4.494931e+012 -2.483757e+010 
-4.494928e+012 -2.530620e+010 
-4.494926e+012 -2.577483e+010 
-4.494923e+012 -2.624345e+010 
-4.494920e+012 -2.671208e+010 
-4.494918e+012 -2.718071e+010 
-4.494915e+012 -2.764933e+010 
-4.494912e+012 -2.811796e+010 
-4.494909e+012 -2.858659e+010 
-4.494906e+012 -2.905521e+010 
-4.494903e+012 -2.952384e+010 
-4.494900e+012 -2.999247e+010 
-4.494896e+012 -3.046109e+010 
-4.494893e+012 -3.092972e+010 
-4.494890e+012 -3.139834e+010 
-4.494887e+012 -3.186696e+010 
-4.494883e+012 -3.233559e+010 
-4.494880e+012 -3.280421e+010 
-4.494876e+012 -3.327283e+010 
-4.494873e+012 -3.374146e+010 
-4.494869e+012 -3.421008e+010 
-4.494866e+012 -3.467870e+010 
-4.494862e+012 -3.514732e+010 
-4.494858e+012 -3.561594e+010 
-4.494855e+012 -3.608456e+010 
-4.494851e+012 -3.655318e+010 
-4.494847e+012 -3.702180e+010 
-4.494843e+012 -3.749042e+010 
-4.494839e+012 -3.795904e+010 
-4.494835e+012 -3.842766e+010 
-4.494831e+012 -3.889628e+010 
-4.494827e+012 -3.936490e+010 
-4.494823e+012 -3.983352e+010 
-4.494819e+012 -4.030213e+010 
-4.494814e+012 -4.077075e+010 
-4.494810e+012 -4.123937e+010 
-4.494806e+012 -4.170798e+010 
-4.494801e+012 -4.217660e+010 
-4.494797e+012 -4.264521e+010 
-4.494792e+012 -4.311383e+010 
-4.494788e+012 -4.358244e+010 
-4.494783e+012 -4.405105e+010 
-4.494779e+012 -4.451967e+010 
-4.494774e+012 -4.498828e+010 
-4.494769e+012 -4.545689e+010 
-4.494764e+012 -4.592550e+010 
-4.494760e+012 -4.639411e+010 
-4.494755e+012 -4.686272e+010 
-4.494750e+012 -4.733133e+010 
-4.494745e+012 -4.779994e+010 
-4.494740e+012 -4.826855e+010 
-4.494735e+012 -4.873716e+010 
-4.494730e+012 -4.920577e+010 
-4.494724e+012 -4.967438e+010 
-4.494719e+012 -5.014298e+010 
-4.494714e+012 -5.061159e+010 
-4.494709e+012 -5.108019e+010 
-4.494703e+012 -5.154880e+010 
-4.494698e+012 -5.201740e+010 
-4.494692e+012 -5.248601e+010 
-4.494687e+012 -5.295461e+010 
-4.494681e+012 -5.342321e+010 
-4.494676e+012 -5.389182e+010 
-4.494670e+012 -5.436042e+010 
-4.494664e+012 -5.482902e+010 
-4.494659e+012 -5.529762e+010 
-4.494653e+012 -5.576622e+010 
-4.494647e+012 -5.623482e+010 
-4.494641e+012 -5.670342e+010 
-4.494635e+012 -5.717202e+010 
-4.494629e+012 -5.764061e+010 
-4.494623e+012 -5.810921e+010 
-4.494617e+012 -5.857781e+010 
-4.494611e+012 -5.904640e+010 
-4.494604e+012 -5.951500e+010 
-4.494598e+012 -5.998359e+010 
-4.494592e+012 -6.045218e+010 
-4.494586e+012 -6.092078e+010 
-4.494579e+012 -6.138937e+010 
-4.494573e+012 -6.185796e+010 
-4.494566e+012 -6.232655e+010 
-4.494560e+012 -6.279514e+010 
-4.494553e+012 -6.326373e+010 
-4.494546e+012 -6.373232e+010 
-4.494540e+012 -6.420091e+010 
-4.494533e+012 -6.466950e+010 
-4.494526e+012 -6.513808e+010 
-4.494519e+012 -6.560667e+010 
-4.494512e+012 -6.607525e+010 
-4.494506e+012 -6.654384e+010 
-4.494499e+012 -6.701242e+010 
-4.494491e+012 -6.748100e+010 
-4.494484e+012 -6.794959e+010 
-4.494477e+012 -6.841817e+010 
-4.494470e+012 -6.888675e+010 
-4.494463e+012 -6.935533e+010 
-4.494456e+012 -6.982391e+010 
-4.494448e+012 -7.029249e+010 
-4.494441e+012 -7.076107e+010 
-4.494433e+012 -7.122964e+010 
-4.494426e+012 -7.169822e+010 
-4.494418e+012 -7.216679e+010 
-4.494411e+012 -7.263537e+010 
-4.494403e+012 -7.310394e+010 
-4.494396e+012 -7.357252e+010 
-4.494388e+012 -7.404109e+010 
-4.494380e+012 -7.450966e+010 
-4.494372e+012 -7.497823e+010 
-4.494364e+012 -7.544680e+010 
-4.494356e+012 -7.591537e+010 
-4.494348e+012 -7.638394e+010 
-4.494340e+012 -7.685251e+010 
-4.494332e+012 -7.732107e+010 
-4.494324e+012 -7.778964e+010 
-4.494316e+012 -7.825820e+010 
-4.494308e+012 -7.872677e+010 
-4.494300e+012 -7.919533e+010 
-4.494291e+012 -7.966389e+010 
-4.494283e+012 -8.013245e+010 
-4.494275e+012 -8.060101e+010 
-4.494266e+012 -8.106957e+010 
-4.494258e+012 -8.153813e+010 
-4.494249e+012 -8.200669e+010 
-4.494240e+012 -8.247525e+010 
-4.494232e+012 -8.294380e+010 
-4.494223e+012 -8.341236e+010 
-4.494214e+012 -8.388091e+010 
-4.494205e+012 -8.434947e+010 
-4.494197e+012 -8.481802e+010 
-4.494188e+012 -8.528657e+010 
-4.494179e+012 -8.575512e+010 
-4.494170e+012 -8.622367e+010 
-4.494161e+012 -8.669222e+010 
-4.494152e+012 -8.716077e+010 
-4.494142e+012 -8.762931e+010 
-4.494133e+012 -8.809786e+010 
-4.494124e+012 -8.856641e+010 
-4.494115e+012 -8.903495e+010 
-4.494105e+012 -8.950349e+010 
-4.494096e+012 -8.997203e+010 
-4.494087e+012 -9.044058e+010 
-4.494077e+012 -9.090912e+010 
-4.494068e+012 -9.137765e+010 
-4.494058e+012 -9.184619e+010 
-4.494048e+012 -9.231473e+010 
-4.494039e+012 -9.278327e+010 
-4.494029e+012 -9.325180e+010 
-4.494019e+012 -9.372033e+010 
-4.494009e+012 -9.418887e+010 
-4.493999e+012 -9.465740e+010 
-4.493989e+012 -9.512593e+010 
-4.493979e+012 -9.559446e+010 
-4.493969e+012 -9.606299e+010 
-4.493959e+012 -9.653152e+010 
-4.493949e+012 -9.700004e+010 
-4.493939e+012 -9.746857e+010 
-4.493929e+012 -9.793709e+010 
-4.493919e+012 -9.840562e+010 
-4.493908e+012 -9.887414e+010 
-4.493898e+012 -9.934266e+010 
-4.493887e+012 -9.981118e+010 
-4.493877e+012 -1.002797e+011 
-4.493866e+012 -1.007482e+011 
-4.493856e+012 -1.012167e+011 
-4.493845e+012 -1.016853e+011 
-4.493835e+012 -1.021538e+011 
-4.493824e+012 -1.026223e+011 
-4.493813e+012 -1.030908e+011 
-4.493802e+012 -1.035593e+011 
-4.493791e+012 -1.040278e+011 
-4.493781e+012 -1.044963e+011 
-4.493770e+012 -1.049648e+011 
-4.493759e+012 -1.054333e+011 
-4.493748e+012 -1.059018e+011 
-4.493736e+012 -1.063703e+011 
-4.493725e+012 -1.068389e+011 
-4.493714e+012 -1.073074e+011 
-4.493703e+012 -1.077759e+011 
-4.493691e+012 -1.082444e+011 
-4.493680e+012 -1.087129e+011 
-4.493669e+012 -1.091814e+011 
-4.493657e+012 -1.096498e+011 
-4.493646e+012 -1.101183e+011 
-4.493634e+012 -1.105868e+011 
-4.493623e+012 -1.110553e+011 
-4.493611e+012 -1.115238e+011 
-4.493599e+012 -1.119923e+011 
-4.493588e+012 -1.124608e+011 
-4.493576e+012 -1.129293e+011 
-4.493564e+012 -1.133978e+011 
-4.493552e+012 -1.138663e+011 
-4.493540e+012 -1.143347e+011 
-4.493528e+012 -1.148032e+011 
-4.493516e+012 -1.152717e+011 
-4.493504e+012 -1.157402e+011 
-4.493492e+012 -1.162087e+011 
-4.493480e+012 -1.166771e+011 
-4.493467e+012 -1.171456e+011 
-4.493455e+012 -1.176141e+011 
-4.493443e+012 -1.180826e+011 
-4.493430e+012 -1.185510e+011 
-4.493418e+012 -1.190195e+011 
-4.493405e+012 -1.194880e+011 
-4.493393e+012 -1.199565e+011 
-4.493380e+012 -1.204249e+011 
-4.493368e+012 -1.208934e+011 
-4.493355e+012 -1.213619e+011 
-4.493342e+012 -1.218303e+011 
-4.493330e+012 -1.222988e+011 
-4.493317e+012 -1.227672e+011 
-4.493304e+012 -1.232357e+011 
-4.493291e+012 -1.237042e+011 
-4.493278e+012 -1.241726e+011 
-4.493265e+012 -1.246411e+011 
-4.493252e+012 -1.251095e+011 
-4.493239e+012 -1.255780e+011 
-4.493226e+012 -1.260464e+011 
-4.493212e+012 -1.265149e+011 
-4.493199e+012 -1.269833e+011 
-4.493186e+012 -1.274518e+011 
-4.493172e+012 -1.279202e+011 
-4.493159e+012 -1.283887e+011 
-4.493146e+012 -1.288571e+011 
-4.493132e+012 -1.293256e+011 
-4.493118e+012 -1.297940e+011 
-4.493105e+012 -1.302624e+011 
-4.493091e+012 -1.307309e+011 
-4.493078e+012 -1.311993e+011 
-4.493064e+012 -1.316677e+011 
-4.493050e+012 -1.321362e+011 
-4.493036e+012 -1.326046e+011 
-4.493022e+012 -1.330730e+011 
-4.493008e+012 -1.335415e+011 
-4.492994e+012 -1.340099e+011 
-4.492980e+012 -1.344783e+011 
-4.492966e+012 -1.349467e+011 
-4.492952e+012 -1.354152e+011 
-4.492938e+012 -1.358836e+011 
-4.492923e+012 -1.363520e+011 
-4.492909e+012 -1.368204e+011 
-4.492895e+012 -1.372888e+011 
-4.492880e+012 -1.377573e+011 
-4.492866e+012 -1.382257e+011 
-4.492852e+012 -1.386941e+011 
-4.492837e+012 -1.391625e+011 
-4.492822e+012 -1.396309e+011 
-4.492808e+012 -1.400993e+011 
-4.492793e+012 -1.405677e+011 
-4.492778e+012 -1.410361e+011 
-4.492764e+012 -1.415045e+011 
-4.492749e+012 -1.419729e+011 
-4.492734e+012 -1.424413e+011 
-4.492719e+012 -1.429097e+011 
-4.492704e+012 -1.433781e+011 
-4.492689e+012 -1.438465e+011 
-4.492674e+012 -1.443149e+011 
-4.492659e+012 -1.447833e+011 
-4.492644e+012 -1.452517e+011 
-4.492628e+012 -1.457201e+011 
-4.492613e+012 -1.461885e+011 
-4.492598e+012 -1.466569e+011 
-4.492582e+012 -1.471252e+011 
-4.492567e+012 -1.475936e+011 
-4.492551e+012 -1.480620e+011 
-4.492536e+012 -1.485304e+011 
-4.492520e+012 -1.489988e+011 
-4.492505e+012 -1.494671e+011 
-4.492489e+012 -1.499355e+011 
-4.492473e+012 -1.504039e+011 
-4.492458e+012 -1.508723e+011 
-4.492442e+012 -1.513406e+011 
-4.492426e+012 -1.518090e+011 
-4.492410e+012 -1.522774e+011 
-4.492394e+012 -1.527457e+011 
-4.492378e+012 -1.532141e+011 
-4.492362e+012 -1.536825e+011 
-4.492346e+012 -1.541508e+011 
-4.492330e+012 -1.546192e+011 
-4.492313e+012 -1.550875e+011 
-4.492297e+012 -1.555559e+011 
-4.492281e+012 -1.560242e+011 
-4.492265e+012 -1.564926e+011 
-4.492248e+012 -1.569609e+011 
-4.492232e+012 -1.574293e+011 
-4.492215e+012 -1.578976e+011 
-4.492199e+012 -1.583660e+011 
-4.492182e+012 -1.588343e+011 
-4.492165e+012 -1.593027e+011 
-4.492149e+012 -1.597710e+011 
-4.492132e+012 -1.602393e+011 
-4.492115e+012 -1.607077e+011 
-4.492098e+012 -1.611760e+011 
-4.492081e+012 -1.616443e+011 
-4.492064e+012 -1.621127e+011 
-4.492047e+012 -1.625810e+011 
-4.492030e+012 -1.630493e+011 
-4.492013e+012 -1.635177e+011 
-4.491996e+012 -1.639860e+011 
-4.491979e+012 -1.644543e+011 
-4.491962e+012 -1.649226e+011 
-4.491945e+012 -1.653909e+011 
-4.491927e+012 -1.658593e+011 
-4.491910e+012 -1.663276e+011 
-4.491892e+012 -1.667959e+011 
-4.491875e+012 -1.672642e+011 
-4.491857e+012 -1.677325e+011 
-4.491840e+012 -1.682008e+011 
-4.491822e+012 -1.686691e+011 
-4.491804e+012 -1.691374e+011 
-4.491787e+012 -1.696057e+011 
-4.491769e+012 -1.700740e+011 
-4.491751e+012 -1.705423e+011 
-4.491733e+012 -1.710106e+011 
-4.491715e+012 -1.714789e+011 
-4.491697e+012 -1.719472e+011 
-4.491679e+012 -1.724155e+011 
-4.491661e+012 -1.728838e+011 
-4.491643e+012 -1.733521e+011 
-4.491625e+012 -1.738204e+011 
-4.491607e+012 -1.742886e+011 
-4.491589e+012 -1.747569e+011 
-4.491570e+012 -1.752252e+011 
-4.491552e+012 -1.756935e+011 
-4.491533e+012 -1.761617e+011 
-4.491515e+012 -1.766300e+011 
-4.491496e+012 -1.770983e+011 
-4.491478e+012 -1.775666e+011 
-4.491459e+012 -1.780348e+011 
-4.491441e+012 -1.785031e+011 
-4.491422e+012 -1.789714e+011 
-4.491403e+012 -1.794396e+011 
-4.491384e+012 -1.799079e+011 
-4.491366e+012 -1.803761e+011 
-4.491347e+012 -1.808444e+011 
-4.491328e+012 -1.813126e+011 
-4.491309e+012 -1.817809e+011 
-4.491290e+012 -1.822491e+011 
-4.491271e+012 -1.827174e+011 
-4.491251e+012 -1.831856e+011 
-4.491232e+012 -1.836539e+011 
-4.491213e+012 -1.841221e+011 
-4.491194e+012 -1.845904e+011 
-4.491174e+012 -1.850586e+011 
-4.491155e+012 -1.855268e+011 
-4.491135e+012 -1.859951e+011 
-4.491116e+012 -1.864633e+011 
-4.491096e+012 -1.869315e+011 
-4.491077e+012 -1.873998e+011 
-4.491057e+012 -1.878680e+011 
-4.491037e+012 -1.883362e+011 
-4.491018e+012 -1.888044e+011 
-4.490998e+012 -1.892727e+011 
-4.490978e+012 -1.897409e+011 
-4.490958e+012 -1.902091e+011 
-4.490938e+012 -1.906773e+011 
-4.490918e+012 -1.911455e+011 
-4.490898e+012 -1.916137e+011 
-4.490878e+012 -1.920819e+011 
-4.490858e+012 -1.925501e+011 
-4.490838e+012 -1.930183e+011 
-4.490818e+012 -1.934865e+011 
-4.490797e+012 -1.939547e+011 
-4.490777e+012 -1.944229e+011 
-4.490757e+012 -1.948911e+011 
-4.490736e+012 -1.953593e+011 
-4.490716e+012 -1.958275e+011 
-4.490695e+012 -1.962957e+011 
-4.490675e+012 -1.967639e+011 
-4.490654e+012 -1.972321e+011 
-4.490633e+012 -1.977002e+011 
-4.490613e+012 -1.981684e+011 
-4.490592e+012 -1.986366e+011 
-4.490571e+012 -1.991048e+011 
-4.490550e+012 -1.995730e+011 
-4.490529e+012 -2.000411e+011 
-4.490508e+012 -2.005093e+011 
-4.490487e+012 -2.009775e+011 
-4.490466e+012 -2.014456e+011 
-4.490445e+012 -2.019138e+011 
-4.490424e+012 -2.023819e+011 
-4.490403e+012 -2.028501e+011 
-4.490382e+012 -2.033183e+011 
-4.490360e+012 -2.037864e+011 
-4.490339e+012 -2.042546e+011 
-4.490318e+012 -2.047227e+011 
-4.490296e+012 -2.051909e+011 
-4.490275e+012 -2.056590e+011 
-4.490253e+012 -2.061271e+011 
-4.490231e+012 -2.065953e+011 
-4.490210e+012 -2.070634e+011 
-4.490188e+012 -2.075316e+011 
-4.490166e+012 -2.079997e+011 
-4.490145e+012 -2.084678e+011 
-4.490123e+012 -2.089359e+011 
-4.490101e+012 -2.094041e+011 
-4.490079e+012 -2.098722e+011 
-4.490057e+012 -2.103403e+011 
-4.490035e+012 -2.108084e+011 
-4.490013e+012 -2.112766e+011 
-4.489991e+012 -2.117447e+011 
-4.489969e+012 -2.122128e+011 
-4.489946e+012 -2.126809e+011 
-4.489924e+012 -2.131490e+011 
-4.489902e+012 -2.136171e+011 
-4.489879e+012 -2.140852e+011 
-4.489857e+012 -2.145533e+011 
-4.489834e+012 -2.150214e+011 
-4.489812e+012 -2.154895e+011 
-4.489789e+012 -2.159576e+011 
-4.489767e+012 -2.164257e+011 
-4.489744e+012 -2.168938e+011 
-4.489721e+012 -2.173619e+011 
-4.489698e+012 -2.178299e+011 
-4.489676e+012 -2.182980e+011 
-4.489653e+012 -2.187661e+011 
-4.489630e+012 -2.192342e+011 
-4.489607e+012 -2.197023e+011 
-4.489584e+012 -2.201703e+011 
-4.489561e+012 -2.206384e+011 
-4.489538e+012 -2.211065e+011 
-4.489515e+012 -2.215745e+011 
-4.489491e+012 -2.220426e+011 
-4.489468e+012 -2.225107e+011 
-4.489445e+012 -2.229787e+011 
-4.489421e+012 -2.234468e+011 
-4.489398e+012 -2.239148e+011 
-4.489374e+012 -2.243829e+011 
-4.489351e+012 -2.248509e+011 
-4.489327e+012 -2.253190e+011 
-4.489304e+012 -2.257870e+011 
-4.489280e+012 -2.262551e+011 
-4.489256e+012 -2.267231e+011 
-4.489233e+012 -2.271911e+011 
-4.489209e+012 -2.276592e+011 
-4.489185e+012 -2.281272e+011 
-4.489161e+012 -2.285952e+011 
-4.489137e+012 -2.290632e+011 
-4.489113e+012 -2.295313e+011 
-4.489089e+012 -2.299993e+011 
-4.489065e+012 -2.304673e+011 
-4.489041e+012 -2.309353e+011 
-4.489017e+012 -2.314033e+011 
-4.488992e+012 -2.318713e+011 
-4.488968e+012 -2.323394e+011 
-4.488944e+012 -2.328074e+011 
-4.488919e+012 -2.332754e+011 
-4.488895e+012 -2.337434e+011 
-4.488871e+012 -2.342114e+011 
-4.488846e+012 -2.346794e+011 
-4.488821e+012 -2.351474e+011 
-4.488797e+012 -2.356153e+011 
-4.488772e+012 -2.360833e+011 
-4.488747e+012 -2.365513e+011 
-4.488723e+012 -2.370193e+011 
-4.488698e+012 -2.374873e+011 
-4.488673e+012 -2.379553e+011 
-4.488648e+012 -2.384232e+011 
-4.488623e+012 -2.388912e+011 
-4.488598e+012 -2.393592e+011 
-4.488573e+012 -2.398271e+011 
-4.488548e+012 -2.402951e+011 
-4.488523e+012 -2.407631e+011 
-4.488497e+012 -2.412310e+011 
-4.488472e+012 -2.416990e+011 
-4.488447e+012 -2.421669e+011 
-4.488421e+012 -2.426349e+011 
-4.488396e+012 -2.431028e+011 
-4.488370e+012 -2.435708e+011 
-4.488345e+012 -2.440387e+011 
-4.488319e+012 -2.445067e+011 
-4.488294e+012 -2.449746e+011 
-4.488268e+012 -2.454425e+011 
-4.488242e+012 -2.459105e+011 
-4.488217e+012 -2.463784e+011 
-4.488191e+012 -2.468463e+011 
-4.488165e+012 -2.473143e+011 
-4.488139e+012 -2.477822e+011 
-4.488113e+012 -2.482501e+011 
-4.488087e+012 -2.487180e+011 
-4.488061e+012 -2.491859e+011 
-4.488035e+012 -2.496538e+011 
-4.488009e+012 -2.501217e+011 
-4.487983e+012 -2.505896e+011 
-4.487956e+012 -2.510575e+011 
-4.487930e+012 -2.515254e+011 
-4.487904e+012 -2.519933e+011 
-4.487877e+012 -2.524612e+011 
-4.487851e+012 -2.529291e+011 
-4.487824e+012 -2.533970e+011 
-4.487798e+012 -2.538649e+011 
-4.487771e+012 -2.543328e+011 
-4.487745e+012 -2.548007e+011 
-4.487718e+012 -2.552686e+011 
-4.487691e+012 -2.557364e+011 
-4.487664e+012 -2.562043e+011 
-4.487638e+012 -2.566722e+011 
-4.487611e+012 -2.571400e+011 
-4.487584e+012 -2.576079e+011 
-4.487557e+012 -2.580758e+011 
-4.487530e+012 -2.585436e+011 
-4.487503e+012 -2.590115e+011 
-4.487475e+012 -2.594793e+011 
-4.487448e+012 -2.599472e+011 
-4.487421e+012 -2.604150e+011 
-4.487394e+012 -2.608829e+011 
-4.487366e+012 -2.613507e+011 
-4.487339e+012 -2.618185e+011 
-4.487312e+012 -2.622864e+011 
-4.487284e+012 -2.627542e+011 
-4.487257e+012 -2.632220e+011 
-4.487229e+012 -2.636899e+011 
-4.487201e+012 -2.641577e+011 
-4.487174e+012 -2.646255e+011 
-4.487146e+012 -2.650933e+011 
-4.487118e+012 -2.655612e+011 
-4.487090e+012 -2.660290e+011 
-4.487063e+012 -2.664968e+011 
-4.487035e+012 -2.669646e+011 
-4.487007e+012 -2.674324e+011 
-4.486979e+012 -2.679002e+011 
-4.486951e+012 -2.683680e+011 
-4.486923e+012 -2.688358e+011 
-4.486894e+012 -2.693036e+011 
-4.486866e+012 -2.697714e+011 
-4.486838e+012 -2.702391e+011 
-4.486810e+012 -2.707069e+011 
-4.486781e+012 -2.711747e+011 
-4.486753e+012 -2.716425e+011 
-4.486724e+012 -2.721103e+011 
-4.486696e+012 -2.725780e+011 
-4.486667e+012 -2.730458e+011 
-4.486639e+012 -2.735136e+011 
-4.486610e+012 -2.739813e+011 
-4.486581e+012 -2.744491e+011 
-4.486553e+012 -2.749168e+011 
-4.486524e+012 -2.753846e+011 
-4.486495e+012 -2.758523e+011 
-4.486466e+012 -2.763201e+011 
-4.486437e+012 -2.767878e+011 
-4.486408e+012 -2.772556e+011 
-4.486379e+012 -2.777233e+011 
-4.486350e+012 -2.781911e+011 
-4.486321e+012 -2.786588e+011 
-4.486292e+012 -2.791265e+011 
-4.486262e+012 -2.795942e+011 
-4.486233e+012 -2.800620e+011 
-4.486204e+012 -2.805297e+011 
-4.486174e+012 -2.809974e+011 
-4.486145e+012 -2.814651e+011 
-4.486116e+012 -2.819328e+011 
-4.486086e+012 -2.824005e+011 
-4.486056e+012 -2.828682e+011 
-4.486027e+012 -2.833359e+011 
-4.485997e+012 -2.838036e+011 
-4.485967e+012 -2.842713e+011 
-4.485938e+012 -2.847390e+011 
-4.485908e+012 -2.852067e+011 
-4.485878e+012 -2.856744e+011 
-4.485848e+012 -2.861421e+011 
-4.485818e+012 -2.866098e+011 
-4.485788e+012 -2.870774e+011 
-4.485758e+012 -2.875451e+011 
-4.485728e+012 -2.880128e+011 
-4.485698e+012 -2.884805e+011 
-4.485667e+012 -2.889481e+011 
-4.485637e+012 -2.894158e+011 
-4.485607e+012 -2.898834e+011 
-4.485576e+012 -2.903511e+011 
-4.485546e+012 -2.908188e+011 
-4.485516e+012 -2.912864e+011 
-4.485485e+012 -2.917540e+011 
-4.485455e+012 -2.922217e+011 
-4.485424e+012 -2.926893e+011 
-4.485393e+012 -2.931570e+011 
-4.485363e+012 -2.936246e+011 
-4.485332e+012 -2.940922e+011 
-4.485301e+012 -2.945598e+011 
-4.485270e+012 -2.950275e+011 
-4.485239e+012 -2.954951e+011 
-4.485208e+012 -2.959627e+011 
-4.485177e+012 -2.964303e+011 
-4.485146e+012 -2.968979e+011 
-4.485115e+012 -2.973655e+011 
-4.485084e+012 -2.978331e+011 
-4.485053e+012 -2.983007e+011 
-4.485022e+012 -2.987683e+011 
-4.484990e+012 -2.992359e+011 
-4.484959e+012 -2.997035e+011 
-4.484928e+012 -3.001711e+011 
-4.484896e+012 -3.006387e+011 
-4.484865e+012 -3.011063e+011 
-4.484833e+012 -3.015739e+011 
-4.484801e+012 -3.020414e+011 
-4.484770e+012 -3.025090e+011 
-4.484738e+012 -3.029766e+011 
-4.484706e+012 -3.034441e+011 
-4.484675e+012 -3.039117e+011 
-4.484643e+012 -3.043792e+011 
-4.484611e+012 -3.048468e+011 
-4.484579e+012 -3.053144e+011 
-4.484547e+012 -3.057819e+011 
-4.484515e+012 -3.062494e+011 
-4.484483e+012 -3.067170e+011 
-4.484451e+012 -3.071845e+011 
-4.484419e+012 -3.076521e+011 
-4.484386e+012 -3.081196e+011 
-4.484354e+012 -3.085871e+011 
-4.484322e+012 -3.090546e+011 
-4.484289e+012 -3.095222e+011 
-4.484257e+012 -3.099897e+011 
-4.484225e+012 -3.104572e+011 
-4.484192e+012 -3.109247e+011 
-4.484159e+012 -3.113922e+011 
-4.484127e+012 -3.118597e+011 
-4.484094e+012 -3.123272e+011 
-4.484061e+012 -3.127947e+011 
-4.484029e+012 -3.132622e+011 
-4.483996e+012 -3.137297e+011 
-4.483963e+012 -3.141972e+011 
-4.483930e+012 -3.146647e+011 
-4.483897e+012 -3.151321e+011 
-4.483864e+012 -3.155996e+011 
-4.483831e+012 -3.160671e+011 
-4.483798e+012 -3.165346e+011 
-4.483765e+012 -3.170020e+011 
-4.483732e+012 -3.174695e+011 
-4.483698e+012 -3.179370e+011 
-4.483665e+012 -3.184044e+011 
-4.483632e+012 -3.188719e+011 
-4.483598e+012 -3.193393e+011 
-4.483565e+012 -3.198068e+011 
-4.483531e+012 -3.202742e+011 
-4.483498e+012 -3.207416e+011 
-4.483464e+012 -3.212091e+011 
-4.483431e+012 -3.216765e+011 
-4.483397e+012 -3.221439e+011 
-4.483363e+012 -3.226114e+011 
-4.483329e+012 -3.230788e+011 
-4.483296e+012 -3.235462e+011 
-4.483262e+012 -3.240136e+011 
-4.483228e+012 -3.244810e+011 
-4.483194e+012 -3.249484e+011 
-4.483160e+012 -3.254158e+011 
-4.483126e+012 -3.258832e+011 
-4.483092e+012 -3.263506e+011 
-4.483057e+012 -3.268180e+011 
-4.483023e+012 -3.272854e+011 
-4.482989e+012 -3.277528e+011 
-4.482955e+012 -3.282202e+011 
-4.482920e+012 -3.286875e+011 
-4.482886e+012 -3.291549e+011 
-4.482851e+012 -3.296223e+011 
-4.482817e+012 -3.300897e+011 
-4.482782e+012 -3.305570e+011 
-4.482748e+012 -3.310244e+011 
-4.482713e+012 -3.314917e+011 
-4.482678e+012 -3.319591e+011 
-4.482643e+012 -3.324264e+011 
-4.482609e+012 -3.328938e+011 
-4.482574e+012 -3.333611e+011 
-4.482539e+012 -3.338285e+011 
-4.482504e+012 -3.342958e+011 
-4.482469e+012 -3.347631e+011 
-4.482434e+012 -3.352305e+011 
-4.482399e+012 -3.356978e+011 
-4.482363e+012 -3.361651e+011 
-4.482328e+012 -3.366324e+011 
-4.482293e+012 -3.370997e+011 
-4.482258e+012 -3.375670e+011 
-4.482222e+012 -3.380343e+011 
-4.482187e+012 -3.385017e+011 
-4.482151e+012 -3.389689e+011 
-4.482116e+012 -3.394362e+011 
-4.482080e+012 -3.399035e+011 
-4.482045e+012 -3.403708e+011 
-4.482009e+012 -3.408381e+011 
-4.481973e+012 -3.413054e+011 
-4.481938e+012 -3.417727e+011 
