731 2
1.496000e+011 0.000000e+000 
1.496000e+011 2.573483e+009 
1.495557e+011 5.146204e+009 
1.494673e+011 7.717404e+009 
1.493346e+011 1.028632e+010 
1.491578e+011 1.285220e+010 
1.489369e+011 1.541428e+010 
1.486721e+011 1.797182e+010 
1.483635e+011 2.052405e+010 
1.480110e+011 2.307022e+010 
1.476149e+011 2.560960e+010 
1.471754e+011 2.814143e+010 
1.466924e+011 3.066497e+010 
1.461663e+011 3.317948e+010 
1.455972e+011 3.568422e+010 
1.449852e+011 3.817847e+010 
1.443306e+011 4.066149e+010 
1.436336e+011 4.313256e+010 
1.428944e+011 4.559096e+010 
1.421132e+011 4.803597e+010 
1.412903e+011 5.046687e+010 
1.404259e+011 5.288297e+010 
1.395204e+011 5.528356e+010 
1.385739e+011 5.766794e+010 
1.375868e+011 6.003541e+010 
1.365594e+011 6.238530e+010 
1.354921e+011 6.471692e+010 
1.343850e+011 6.702960e+010 
1.332387e+011 6.932266e+010 
1.320534e+011 7.159545e+010 
1.308294e+011 7.384731e+010 
1.295673e+011 7.607758e+010 
1.282672e+011 7.828562e+010 
1.269298e+011 8.047080e+010 
1.255552e+011 8.263249e+010 
1.241440e+011 8.477007e+010 
1.226966e+011 8.688291e+010 
1.212135e+011 8.897042e+010 
1.196949e+011 9.103199e+010 
1.181416e+011 9.306703e+010 
1.165537e+011 9.507497e+010 
1.149320e+011 9.705521e+010 
1.132768e+011 9.900720e+010 
1.115886e+011 1.009304e+011 
1.098680e+011 1.028242e+011 
1.081154e+011 1.046881e+011 
1.063313e+011 1.065216e+011 
1.045164e+011 1.083241e+011 
1.026711e+011 1.100951e+011 
1.007960e+011 1.118342e+011 
9.889156e+010 1.135407e+011 
9.695846e+010 1.152144e+011 
9.499721e+010 1.168545e+011 
9.300840e+010 1.184608e+011 
9.099261e+010 1.200327e+011 
8.895043e+010 1.215698e+011 
8.688246e+010 1.230717e+011 
8.478932e+010 1.245379e+011 
8.267160e+010 1.259680e+011 
8.052993e+010 1.273616e+011 
7.836493e+010 1.287183e+011 
7.617725e+010 1.300377e+011 
7.396751e+010 1.313195e+011 
7.173636e+010 1.325633e+011 
6.948445e+010 1.337687e+011 
6.721243e+010 1.349354e+011 
6.492098e+010 1.360631e+011 
6.261074e+010 1.371514e+011 
6.028240e+010 1.382001e+011 
5.793664e+010 1.392088e+011 
5.557412e+010 1.401773e+011 
5.319554e+010 1.411053e+011 
5.080159e+010 1.419924e+011 
4.839297e+010 1.428386e+011 
4.597036e+010 1.436435e+011 
4.353447e+010 1.444069e+011 
4.108601e+010 1.451286e+011 
3.862568e+010 1.458083e+011 
3.615420e+010 1.464460e+011 
3.367227e+010 1.470414e+011 
3.118063e+010 1.475943e+011 
2.867999e+010 1.481046e+011 
2.617107e+010 1.485722e+011 
2.365459e+010 1.489969e+011 
2.113129e+010 1.493786e+011 
1.860189e+010 1.497172e+011 
1.606712e+010 1.500126e+011 
1.352771e+010 1.502646e+011 
1.098440e+010 1.504734e+011 
8.437924e+009 1.506387e+011 
5.889010e+009 1.507605e+011 
3.338396e+009 1.508388e+011 
7.868197e+008 1.508736e+011 
-1.764984e+009 1.508649e+011 
-4.316278e+009 1.508127e+011 
-6.866327e+009 1.507169e+011 
-9.414395e+009 1.505776e+011 
-1.195975e+010 1.503949e+011 
-1.450165e+010 1.501688e+011 
-1.703936e+010 1.498993e+011 
-1.957216e+010 1.495866e+011 
-2.209930e+010 1.492307e+011 
-2.462007e+010 1.488318e+011 
-2.713374e+010 1.483898e+011 
-2.963956e+010 1.479051e+011 
-3.213684e+010 1.473776e+011 
-3.462483e+010 1.468076e+011 
-3.710282e+010 1.461952e+011 
-3.957010e+010 1.455405e+011 
-4.202595e+010 1.448438e+011 
-4.446965e+010 1.441053e+011 
-4.690051e+010 1.433252e+011 
-4.931782e+010 1.425036e+011 
-5.172088e+010 1.416408e+011 
-5.410898e+010 1.407372e+011 
-5.648144e+010 1.397928e+011 
-5.883757e+010 1.388080e+011 
-6.117669e+010 1.377830e+011 
-6.349811e+010 1.367182e+011 
-6.580116e+010 1.356139e+011 
-6.808517e+010 1.344703e+011 
-7.034948e+010 1.332878e+011 
-7.259342e+010 1.320667e+011 
-7.481635e+010 1.308074e+011 
-7.701760e+010 1.295102e+011 
-7.919655e+010 1.281755e+011 
-8.135255e+010 1.268036e+011 
-8.348498e+010 1.253950e+011 
-8.559320e+010 1.239500e+011 
-8.767661e+010 1.224691e+011 
-8.973459e+010 1.209527e+011 
-9.176653e+010 1.194012e+011 
-9.377185e+010 1.178151e+011 
-9.574995e+010 1.161947e+011 
-9.770025e+010 1.145406e+011 
-9.962217e+010 1.128533e+011 
-1.015152e+011 1.111331e+011 
-1.033786e+011 1.093807e+011 
-1.052121e+011 1.075965e+011 
-1.070149e+011 1.057810e+011 
-1.087866e+011 1.039347e+011 
-1.105267e+011 1.020581e+011 
-1.122345e+011 1.001519e+011 
-1.139098e+011 9.821652e+010 
-1.155518e+011 9.625252e+010 
-1.171601e+011 9.426048e+010 
-1.187344e+011 9.224097e+010 
-1.202740e+011 9.019456e+010 
-1.217785e+011 8.812184e+010 
-1.232475e+011 8.602342e+010 
-1.246805e+011 8.389988e+010 
-1.260771e+011 8.175185e+010 
-1.274369e+011 7.957994e+010 
-1.287594e+011 7.738478e+010 
-1.300443e+011 7.516699e+010 
-1.312912e+011 7.292723e+010 
-1.324997e+011 7.066613e+010 
-1.336694e+011 6.838435e+010 
-1.347999e+011 6.608255e+010 
-1.358910e+011 6.376139e+010 
-1.369423e+011 6.142155e+010 
-1.379534e+011 5.906371e+010 
-1.389241e+011 5.668855e+010 
-1.398540e+011 5.429676e+010 
-1.407429e+011 5.188903e+010 
-1.415904e+011 4.946607e+010 
-1.423964e+011 4.702858e+010 
-1.431605e+011 4.457727e+010 
-1.438825e+011 4.211285e+010 
-1.445622e+011 3.963605e+010 
-1.451994e+011 3.714758e+010 
-1.457938e+011 3.464818e+010 
-1.463453e+011 3.213858e+010 
-1.468537e+011 2.961951e+010 
-1.473188e+011 2.709171e+010 
-1.477405e+011 2.455592e+010 
-1.481186e+011 2.201289e+010 
-1.484529e+011 1.946336e+010 
-1.487435e+011 1.690808e+010 
-1.489901e+011 1.434781e+010 
-1.491926e+011 1.178330e+010 
-1.493511e+011 9.215309e+009 
-1.494654e+011 6.644589e+009 
-1.495354e+011 4.071902e+009 
-1.495612e+011 1.498011e+009 
-1.495427e+011 -1.076325e+009 
-1.494799e+011 -3.650341e+009 
-1.493728e+011 -6.223276e+009 
-1.492213e+011 -8.794365e+009 
-1.490256e+011 -1.136284e+010 
-1.487857e+011 -1.392795e+010 
-1.485016e+011 -1.648892e+010 
-1.481733e+011 -1.904499e+010 
-1.478010e+011 -2.159540e+010 
-1.473848e+011 -2.413939e+010 
-1.469247e+011 -2.667620e+010 
-1.464209e+011 -2.920507e+010 
-1.458735e+011 -3.172524e+010 
-1.452827e+011 -3.423597e+010 
-1.446485e+011 -3.673649e+010 
-1.439712e+011 -3.922606e+010 
-1.432510e+011 -4.170393e+010 
-1.424881e+011 -4.416935e+010 
-1.416826e+011 -4.662159e+010 
-1.408348e+011 -4.905991e+010 
-1.399449e+011 -5.148357e+010 
-1.390132e+011 -5.389184e+010 
-1.380399e+011 -5.628400e+010 
-1.370253e+011 -5.865932e+010 
-1.359698e+011 -6.101708e+010 
-1.348735e+011 -6.335658e+010 
-1.337368e+011 -6.567711e+010 
-1.325601e+011 -6.797795e+010 
-1.313436e+011 -7.025842e+010 
-1.300877e+011 -7.251783e+010 
-1.287928e+011 -7.475548e+010 
-1.274593e+011 -7.697069e+010 
-1.260875e+011 -7.916280e+010 
-1.246778e+011 -8.133114e+010 
-1.232307e+011 -8.347504e+010 
-1.217466e+011 -8.559386e+010 
-1.202258e+011 -8.768694e+010 
-1.186689e+011 -8.975365e+010 
-1.170763e+011 -9.179335e+010 
-1.154484e+011 -9.380544e+010 
-1.137858e+011 -9.578927e+010 
-1.120889e+011 -9.774426e+010 
-1.103583e+011 -9.966981e+010 
-1.085944e+011 -1.015653e+011 
-1.067977e+011 -1.034302e+011 
-1.049689e+011 -1.052639e+011 
-1.031083e+011 -1.070658e+011 
-1.012167e+011 -1.088355e+011 
-9.929454e+010 -1.105723e+011 
-9.734238e+010 -1.122757e+011 
-9.536082e+010 -1.139451e+011 
-9.335045e+010 -1.155802e+011 
-9.131187e+010 -1.171804e+011 
-8.924570e+010 -1.187451e+011 
-8.715254e+010 -1.202739e+011 
-8.503302e+010 -1.217663e+011 
-8.288778e+010 -1.232219e+011 
-8.071745e+010 -1.246403e+011 
-7.852270e+010 -1.260209e+011 
-7.630418e+010 -1.273633e+011 
-7.406256e+010 -1.286672e+011 
-7.179850e+010 -1.299321e+011 
-6.951270e+010 -1.311577e+011 
-6.720583e+010 -1.323435e+011 
-6.487860e+010 -1.334892e+011 
-6.253170e+010 -1.345945e+011 
-6.016585e+010 -1.356590e+011 
-5.778175e+010 -1.366823e+011 
-5.538013e+010 -1.376641e+011 
-5.296171e+010 -1.386043e+011 
-5.052723e+010 -1.395023e+011 
-4.807741e+010 -1.403581e+011 
-4.561301e+010 -1.411712e+011 
-4.313476e+010 -1.419415e+011 
-4.064342e+010 -1.426687e+011 
-3.813975e+010 -1.433526e+011 
-3.562449e+010 -1.439930e+011 
-3.309842e+010 -1.445897e+011 
-3.056229e+010 -1.451425e+011 
-2.801689e+010 -1.456512e+011 
-2.546297e+010 -1.461156e+011 
-2.290133e+010 -1.465357e+011 
-2.033272e+010 -1.469112e+011 
-1.775794e+010 -1.472422e+011 
-1.517776e+010 -1.475284e+011 
-1.259298e+010 -1.477698e+011 
-1.000437e+010 -1.479663e+011 
-7.412714e+009 -1.481178e+011 
-4.818810e+009 -1.482243e+011 
-2.223442e+009 -1.482858e+011 
3.726011e+008 -1.483023e+011 
2.968531e+009 -1.482737e+011 
5.563560e+009 -1.482000e+011 
8.156898e+009 -1.480813e+011 
1.074776e+010 -1.479176e+011 
1.333535e+010 -1.477090e+011 
1.591890e+010 -1.474556e+011 
1.849760e+010 -1.471573e+011 
2.107069e+010 -1.468143e+011 
2.363738e+010 -1.464268e+011 
2.619690e+010 -1.459947e+011 
2.874845e+010 -1.455184e+011 
3.129128e+010 -1.449978e+011 
3.382460e+010 -1.444332e+011 
3.634766e+010 -1.438248e+011 
3.885968e+010 -1.431727e+011 
4.135991e+010 -1.424772e+011 
4.384759e+010 -1.417384e+011 
4.632196e+010 -1.409566e+011 
4.878228e+010 -1.401320e+011 
5.122780e+010 -1.392650e+011 
5.365778e+010 -1.383557e+011 
5.607149e+010 -1.374044e+011 
5.846820e+010 -1.364115e+011 
6.084719e+010 -1.353772e+011 
6.320773e+010 -1.343019e+011 
6.554912e+010 -1.331859e+011 
6.787065e+010 -1.320296e+011 
7.017163e+010 -1.308332e+011 
7.245135e+010 -1.295973e+011 
7.470913e+010 -1.283221e+011 
7.694430e+010 -1.270080e+011 
7.915619e+010 -1.256555e+011 
8.134413e+010 -1.242650e+011 
8.350746e+010 -1.228369e+011 
8.564553e+010 -1.213717e+011 
8.775772e+010 -1.198698e+011 
8.984338e+010 -1.183316e+011 
9.190189e+010 -1.167577e+011 
9.393264e+010 -1.151485e+011 
9.593503e+010 -1.135046e+011 
9.790845e+010 -1.118263e+011 
9.985232e+010 -1.101144e+011 
1.017661e+011 -1.083692e+011 
1.036491e+011 -1.065913e+011 
1.055009e+011 -1.047812e+011 
1.073209e+011 -1.029396e+011 
1.091085e+011 -1.010670e+011 
1.108633e+011 -9.916391e+010 
1.125847e+011 -9.723096e+010 
1.142722e+011 -9.526875e+010 
1.159253e+011 -9.327787e+010 
1.175436e+011 -9.125892e+010 
1.191265e+011 -8.921253e+010 
1.206736e+011 -8.713933e+010 
1.221844e+011 -8.503994e+010 
1.236585e+011 -8.291500e+010 
1.250955e+011 -8.076516e+010 
1.264949e+011 -7.859108e+010 
1.278564e+011 -7.639342e+010 
1.291795e+011 -7.417285e+010 
1.304639e+011 -7.193004e+010 
1.317092e+011 -6.966567e+010 
1.329151e+011 -6.738043e+010 
1.340811e+011 -6.507501e+010 
1.352070e+011 -6.275011e+010 
1.362925e+011 -6.040643e+010 
1.373371e+011 -5.804469e+010 
1.383407e+011 -5.566559e+010 
1.393030e+011 -5.326986e+010 
1.402237e+011 -5.085821e+010 
1.411025e+011 -4.843138e+010 
1.419391e+011 -4.599009e+010 
1.427335e+011 -4.353508e+010 
1.434852e+011 -4.106708e+010 
1.441942e+011 -3.858685e+010 
1.448602e+011 -3.609512e+010 
1.454831e+011 -3.359263e+010 
1.460627e+011 -3.108015e+010 
1.465987e+011 -2.855841e+010 
1.470912e+011 -2.602819e+010 
1.475400e+011 -2.349022e+010 
1.479449e+011 -2.094527e+010 
1.483059e+011 -1.839410e+010 
1.486228e+011 -1.583747e+010 
1.488956e+011 -1.327614e+010 
1.491242e+011 -1.071087e+010 
1.493087e+011 -8.142420e+009 
1.494488e+011 -5.571560e+009 
1.495447e+011 -2.999049e+009 
1.495963e+011 -4.256501e+008 
1.496037e+011 2.147875e+009 
1.495667e+011 4.720764e+009 
1.494855e+011 7.292258e+009 
1.493602e+011 9.861596e+009 
1.491907e+011 1.242802e+010 
1.489771e+011 1.499077e+010 
1.487196e+011 1.754910e+010 
1.484181e+011 2.010225e+010 
1.480729e+011 2.264947e+010 
1.476841e+011 2.519001e+010 
1.472517e+011 2.772313e+010 
1.467759e+011 3.024808e+010 
1.462569e+011 3.276412e+010 
1.456949e+011 3.527053e+010 
1.450900e+011 3.776655e+010 
1.444425e+011 4.025147e+010 
1.437524e+011 4.272456e+010 
1.430202e+011 4.518509e+010 
1.422459e+011 4.763236e+010 
1.414299e+011 5.006564e+010 
1.405724e+011 5.248423e+010 
1.396736e+011 5.488742e+010 
1.387339e+011 5.727452e+010 
1.377536e+011 5.964483e+010 
1.367328e+011 6.199767e+010 
1.356721e+011 6.433235e+010 
1.345716e+011 6.664820e+010 
1.334317e+011 6.894455e+010 
1.322528e+011 7.122073e+010 
1.310352e+011 7.347608e+010 
1.297794e+011 7.570996e+010 
1.284856e+011 7.792172e+010 
1.271543e+011 8.011073e+010 
1.257859e+011 8.227634e+010 
1.243807e+011 8.441794e+010 
1.229393e+011 8.653491e+010 
1.214620e+011 8.862665e+010 
1.199493e+011 9.069255e+010 
1.184017e+011 9.273202e+010 
1.168195e+011 9.474447e+010 
1.152034e+011 9.672933e+010 
1.135537e+011 9.868603e+010 
1.118709e+011 1.006140e+011 
1.101556e+011 1.025127e+011 
1.084083e+011 1.043816e+011 
1.066294e+011 1.062201e+011 
1.048196e+011 1.080278e+011 
1.029793e+011 1.098041e+011 
1.011090e+011 1.115485e+011 
9.920946e+010 1.132605e+011 
9.728107e+010 1.149396e+011 
9.532445e+010 1.165853e+011 
9.334017e+010 1.181972e+011 
9.132881e+010 1.197748e+011 
8.929096e+010 1.213177e+011 
8.722723e+010 1.228255e+011 
8.513821e+010 1.242976e+011 
8.302452e+010 1.257337e+011 
8.088678e+010 1.271333e+011 
7.872561e+010 1.284962e+011 
7.654164e+010 1.298218e+011 
7.433552e+010 1.311099e+011 
7.210787e+010 1.323600e+011 
6.985936e+010 1.335718e+011 
6.759063e+010 1.347449e+011 
6.530235e+010 1.358791e+011 
6.299518e+010 1.369739e+011 
6.066980e+010 1.380292e+011 
5.832688e+010 1.390445e+011 
5.596709e+010 1.400197e+011 
5.359113e+010 1.409544e+011 
5.119968e+010 1.418483e+011 
4.879344e+010 1.427013e+011 
4.637310e+010 1.435130e+011 
4.393936e+010 1.442833e+011 
4.149294e+010 1.450119e+011 
3.903453e+010 1.456986e+011 
3.656485e+010 1.463433e+011 
3.408461e+010 1.469457e+011 
3.159453e+010 1.475057e+011 
2.909533e+010 1.480231e+011 
2.658773e+010 1.484977e+011 
2.407245e+010 1.489295e+011 
2.155023e+010 1.493184e+011 
1.902179e+010 1.496641e+011 
1.648786e+010 1.499666e+011 
1.394917e+010 1.502259e+011 
1.140646e+010 1.504418e+011 
8.860457e+009 1.506143e+011 
6.311895e+009 1.507433e+011 
3.761513e+009 1.508288e+011 
1.210045e+009 1.508709e+011 
-1.341772e+009 1.508694e+011 
-3.893202e+009 1.508243e+011 
-6.443509e+009 1.507357e+011 
-8.991956e+009 1.506037e+011 
-1.153781e+010 1.504282e+011 
-1.408033e+010 1.502092e+011 
-1.661879e+010 1.499469e+011 
-1.915245e+010 1.496414e+011 
-2.168059e+010 1.492926e+011 
-2.420247e+010 1.489008e+011 
-2.671736e+010 1.484660e+011 
-2.922454e+010 1.479883e+011 
-3.172328e+010 1.474679e+011 
-3.421286e+010 1.469049e+011 
-3.669256e+010 1.462995e+011 
-3.916166e+010 1.456518e+011 
-4.161946e+010 1.449621e+011 
-4.406523e+010 1.442305e+011 
-4.649827e+010 1.434572e+011 
-4.891787e+010 1.426425e+011 
-5.132334e+010 1.417865e+011 
-5.371397e+010 1.408896e+011 
-5.608907e+010 1.399519e+011 
-5.844796e+010 1.389738e+011 
-6.078994e+010 1.379555e+011 
-6.311435e+010 1.368973e+011 
-6.542049e+010 1.357995e+011 
-6.770770e+010 1.346624e+011 
-6.997532e+010 1.334863e+011 
-7.222269e+010 1.322715e+011 
-7.444914e+010 1.310185e+011 
-7.665403e+010 1.297276e+011 
-7.883673e+010 1.283990e+011 
-8.099657e+010 1.270333e+011 
-8.313295e+010 1.256307e+011 
-8.524523e+010 1.241918e+011 
-8.733279e+010 1.227168e+011 
-8.939503e+010 1.212062e+011 
-9.143133e+010 1.196605e+011 
-9.344110e+010 1.180800e+011 
-9.542375e+010 1.164653e+011 
-9.737870e+010 1.148168e+011 
-9.930537e+010 1.131349e+011 
-1.012032e+011 1.114201e+011 
-1.030716e+011 1.096730e+011 
-1.049100e+011 1.078940e+011 
-1.067180e+011 1.060836e+011 
-1.084949e+011 1.042424e+011 
-1.102402e+011 1.023708e+011 
-1.119535e+011 1.004695e+011 
-1.136341e+011 9.853887e+010 
-1.152817e+011 9.657956e+010 
-1.168957e+011 9.459212e+010 
-1.184756e+011 9.257711e+010 
-1.200209e+011 9.053510e+010 
-1.215313e+011 8.846669e+010 
-1.230062e+011 8.637247e+010 
-1.244452e+011 8.425305e+010 
-1.258479e+011 8.210902e+010 
-1.272138e+011 7.994101e+010 
-1.285425e+011 7.774965e+010 
-1.298337e+011 7.553555e+010 
-1.310869e+011 7.329937e+010 
-1.323018e+011 7.104175e+010 
-1.334779e+011 6.876334e+010 
-1.346150e+011 6.646480e+010 
-1.357126e+011 6.414679e+010 
-1.367705e+011 6.180999e+010 
-1.377883e+011 5.945507e+010 
-1.387657e+011 5.708272e+010 
-1.397024e+011 5.469362e+010 
-1.405980e+011 5.228848e+010 
-1.414524e+011 4.986798e+010 
-1.422653e+011 4.743283e+010 
-1.430364e+011 4.498375e+010 
-1.437654e+011 4.252144e+010 
-1.444521e+011 4.004663e+010 
-1.450963e+011 3.756003e+010 
-1.456979e+011 3.506238e+010 
-1.462565e+011 3.255441e+010 
-1.467720e+011 3.003684e+010 
-1.472443e+011 2.751043e+010 
-1.476731e+011 2.497590e+010 
-1.480584e+011 2.243400e+010 
-1.484000e+011 1.988548e+010 
-1.486978e+011 1.733110e+010 
-1.489517e+011 1.477159e+010 
-1.491616e+011 1.220772e+010 
-1.493273e+011 9.640238e+009 
-1.494489e+011 7.069906e+009 
-1.495263e+011 4.497482e+009 
-1.495594e+011 1.923727e+009 
-1.495482e+011 -6.505983e+008 
-1.494927e+011 -3.224730e+009 
-1.493929e+011 -5.797907e+009 
-1.492488e+011 -8.369364e+009 
-1.490604e+011 -1.093834e+010 
-1.488278e+011 -1.350406e+010 
-1.485510e+011 -1.606578e+010 
-1.482300e+011 -1.862273e+010 
-1.478650e+011 -2.117414e+010 
-1.474561e+011 -2.371925e+010 
-1.470032e+011 -2.625731e+010 
-1.465066e+011 -2.878755e+010 
-1.459664e+011 -3.130923e+010 
-1.453827e+011 -3.382157e+010 
-1.447557e+011 -3.632384e+010 
-1.440856e+011 -3.881528e+010 
-1.433724e+011 -4.129515e+010 
-1.426165e+011 -4.376269e+010 
-1.418181e+011 -4.621717e+010 
-1.409772e+011 -4.865785e+010 
-1.400943e+011 -5.108399e+010 
-1.391695e+011 -5.349486e+010 
-1.382030e+011 -5.588974e+010 
-1.371953e+011 -5.826791e+010 
-1.361464e+011 -6.062863e+010 
-1.350569e+011 -6.297121e+010 
-1.339268e+011 -6.529492e+010 
-1.327567e+011 -6.759908e+010 
-1.315468e+011 -6.988297e+010 
-1.302974e+011 -7.214591e+010 
-1.290089e+011 -7.438721e+010 
-1.276817e+011 -7.660619e+010 
-1.263162e+011 -7.880217e+010 
-1.249128e+011 -8.097449e+010 
-1.234718e+011 -8.312248e+010 
-1.219937e+011 -8.524550e+010 
-1.204790e+011 -8.734288e+010 
-1.189280e+011 -8.941400e+010 
-1.173413e+011 -9.145822e+010 
-1.157192e+011 -9.347491e+010 
-1.140623e+011 -9.546346e+010 
-1.123710e+011 -9.742327e+010 
-1.106459e+011 -9.935372e+010 
-1.088875e+011 -1.012542e+011 
-1.070962e+011 -1.031242e+011 
-1.052726e+011 -1.049631e+011 
-1.034173e+011 -1.067704e+011 
-1.015308e+011 -1.085454e+011 
-9.961359e+010 -1.102876e+011 
-9.766634e+010 -1.119966e+011 
-9.568959e+010 -1.136717e+011 
-9.368393e+010 -1.153125e+011 
-9.164997e+010 -1.169185e+011 
-8.958830e+010 -1.184891e+011 
-8.749955e+010 -1.200238e+011 
-8.538434e+010 -1.215223e+011 
-8.324330e+010 -1.229841e+011 
-8.107707e+010 -1.244086e+011 
-7.888631e+010 -1.257955e+011 
-7.667166e+010 -1.271442e+011 
-7.443380e+010 -1.284545e+011 
-7.217340e+010 -1.297259e+011 
-6.989114e+010 -1.309580e+011 
-6.758770e+010 -1.321504e+011 
-6.526378e+010 -1.333028e+011 
-6.292008e+010 -1.344148e+011 
-6.055730e+010 -1.354860e+011 
-5.817616e+010 -1.365161e+011 
-5.577739e+010 -1.375048e+011 
-5.336169e+010 -1.384519e+011 
-5.092980e+010 -1.393569e+011 
-4.848247e+010 -1.402197e+011 
-4.602042e+010 -1.410399e+011 
-4.354440e+010 -1.418173e+011 
-4.105517e+010 -1.425516e+011 
-3.855348e+010 -1.432427e+011 
-3.604008e+010 -1.438903e+011 
-3.351574e+010 -1.444942e+011 
-3.098122e+010 -1.450542e+011 
-2.843729e+010 -1.455702e+011 
-2.588473e+010 -1.460420e+011 
-2.332430e+010 -1.464694e+011 
-2.075679e+010 -1.468523e+011 
-1.818297e+010 -1.471906e+011 
-1.560364e+010 -1.474842e+011 
-1.301956e+010 -1.477330e+011 
-1.043152e+010 -1.479369e+011 
-7.840316e+009 -1.480959e+011 
-5.246729e+009 -1.482098e+011 
-2.651549e+009 -1.482788e+011 
-5.556247e+007 -1.483027e+011 
2.540441e+009 -1.482815e+011 
5.135672e+009 -1.482153e+011 
7.729343e+009 -1.481040e+011 
1.032067e+010 -1.479478e+011 
1.290885e+010 -1.477466e+011 
1.549312e+010 -1.475005e+011 
1.807268e+010 -1.472096e+011 
2.064675e+010 -1.468740e+011 
2.321455e+010 -1.464938e+011 
2.577530e+010 -1.460691e+011 
2.832822e+010 -1.456001e+011 
3.087254e+010 -1.450868e+011 
3.340748e+010 -1.445295e+011 
3.593228e+010 -1.439283e+011 
3.844618e+010 -1.432834e+011 
4.094841e+010 -1.425950e+011 
4.343821e+010 -1.418634e+011 
4.591482e+010 -1.410887e+011 
4.837751e+010 -1.402712e+011 
5.082552e+010 -1.394111e+011 
5.325812e+010 -1.385088e+011 
5.567456e+010 -1.375644e+011 
5.807413e+010 -1.365784e+011 
6.045609e+010 -1.355509e+011 
6.281972e+010 -1.344824e+011 
6.516432e+010 -1.333731e+011 
6.748918e+010 -1.322234e+011 
6.979359e+010 -1.310336e+011 
7.207686e+010 -1.298042e+011 
7.433831e+010 -1.285354e+011 
7.657726e+010 -1.272278e+011 
7.879304e+010 -1.258816e+011 
8.098497e+010 -1.244974e+011 
8.315240e+010 -1.230754e+011 
8.529469e+010 -1.216163e+011 
8.741119e+010 -1.201204e+011 
8.950127e+010 -1.185882e+011 
9.156431e+010 -1.170202e+011 
9.359968e+010 -1.154168e+011 
9.560679e+010 -1.137785e+011 
9.758503e+010 -1.121060e+011 
9.953382e+010 -1.103995e+011 
1.014526e+011 -1.086598e+011 
1.033407e+011 -1.068873e+011 
1.051977e+011 -1.050825e+011 
1.070230e+011 -1.032461e+011 
1.088160e+011 -1.013785e+011 
1.105763e+011 -9.948044e+010 
1.123032e+011 -9.755240e+010 
1.139963e+011 -9.559498e+010 
1.156552e+011 -9.360880e+010 
1.172792e+011 -9.159446e+010 
1.188680e+011 -8.955257e+010 
1.204210e+011 -8.748376e+010 
1.219378e+011 -8.538866e+010 
1.234180e+011 -8.326790e+010 
1.248612e+011 -8.112215e+010 
1.262668e+011 -7.895204e+010 
1.276346e+011 -7.675823e+010 
1.289641e+011 -7.454141e+010 
1.302549e+011 -7.230223e+010 
1.315067e+011 -7.004139e+010 
1.327191e+011 -6.775956e+010 
1.338917e+011 -6.545743e+010 
1.350243e+011 -6.313571e+010 
1.361164e+011 -6.079510e+010 
1.371679e+011 -5.843630e+010 
1.381783e+011 -5.606003e+010 
1.391474e+011 -5.366701e+010 
1.400750e+011 -5.125795e+010 
1.409607e+011 -4.883359e+010 
1.418043e+011 -4.639465e+010 
1.426057e+011 -4.394186e+010 
1.433645e+011 -4.147598e+010 
1.440805e+011 -3.899772e+010 
1.447537e+011 -3.650785e+010 
1.453837e+011 -3.400710e+010 
1.459704e+011 -3.149623e+010 
1.465137e+011 -2.897598e+010 
1.470134e+011 -2.644711e+010 
1.474694e+011 -2.391038e+010 
1.478816e+011 -2.136655e+010 
1.482498e+011 -1.881637e+010 
1.485740e+011 -1.626059e+010 
1.488541e+011 -1.370000e+010 
1.490901e+011 -1.113534e+010 
1.492818e+011 -8.567372e+009 
1.494293e+011 -5.996869e+009 
1.495325e+011 -3.424588e+009 
1.495915e+011 -8.512939e+008 
