731 2
-2.871000e+012 0.000000e+000 
-2.871000e+012 -5.879542e+008 
-2.871000e+012 -1.175908e+009 
-2.871000e+012 -1.763863e+009 
-2.870999e+012 -2.351817e+009 
-2.870999e+012 -2.939771e+009 
-2.870998e+012 -3.527725e+009 
-2.870997e+012 -4.115678e+009 
-2.870997e+012 -4.703632e+009 
-2.870996e+012 -5.291585e+009 
-2.870995e+012 -5.879538e+009 
-2.870993e+012 -6.467491e+009 
-2.870992e+012 -7.055444e+009 
-2.870991e+012 -7.643396e+009 
-2.870989e+012 -8.231348e+009 
-2.870987e+012 -8.819300e+009 
-2.870986e+012 -9.407251e+009 
-2.870984e+012 -9.995202e+009 
-2.870982e+012 -1.058315e+010 
-2.870979e+012 -1.117110e+010 
-2.870977e+012 -1.175905e+010 
-2.870975e+012 -1.234700e+010 
-2.870972e+012 -1.293495e+010 
-2.870970e+012 -1.352290e+010 
-2.870967e+012 -1.411085e+010 
-2.870964e+012 -1.469879e+010 
-2.870961e+012 -1.528674e+010 
-2.870958e+012 -1.587468e+010 
-2.870955e+012 -1.646263e+010 
-2.870951e+012 -1.705057e+010 
-2.870948e+012 -1.763852e+010 
-2.870944e+012 -1.822646e+010 
-2.870940e+012 -1.881440e+010 
-2.870937e+012 -1.940234e+010 
-2.870933e+012 -1.999028e+010 
-2.870928e+012 -2.057822e+010 
-2.870924e+012 -2.116616e+010 
-2.870920e+012 -2.175410e+010 
-2.870915e+012 -2.234204e+010 
-2.870911e+012 -2.292997e+010 
-2.870906e+012 -2.351791e+010 
-2.870901e+012 -2.410584e+010 
-2.870896e+012 -2.469377e+010 
-2.870891e+012 -2.528171e+010 
-2.870886e+012 -2.586964e+010 
-2.870881e+012 -2.645757e+010 
-2.870876e+012 -2.704550e+010 
-2.870870e+012 -2.763342e+010 
-2.870864e+012 -2.822135e+010 
-2.870859e+012 -2.880928e+010 
-2.870853e+012 -2.939720e+010 
-2.870847e+012 -2.998512e+010 
-2.870841e+012 -3.057304e+010 
-2.870834e+012 -3.116096e+010 
-2.870828e+012 -3.174888e+010 
-2.870821e+012 -3.233680e+010 
-2.870815e+012 -3.292472e+010 
-2.870808e+012 -3.351263e+010 
-2.870801e+012 -3.410055e+010 
-2.870794e+012 -3.468846e+010 
-2.870787e+012 -3.527637e+010 
-2.870780e+012 -3.586428e+010 
-2.870773e+012 -3.645219e+010 
-2.870765e+012 -3.704009e+010 
-2.870758e+012 -3.762800e+010 
-2.870750e+012 -3.821590e+010 
-2.870742e+012 -3.880380e+010 
-2.870734e+012 -3.939170e+010 
-2.870726e+012 -3.997960e+010 
-2.870718e+012 -4.056750e+010 
-2.870710e+012 -4.115539e+010 
-2.870701e+012 -4.174328e+010 
-2.870693e+012 -4.233117e+010 
-2.870684e+012 -4.291906e+010 
-2.870675e+012 -4.350695e+010 
-2.870666e+012 -4.409484e+010 
-2.870657e+012 -4.468272e+010 
-2.870648e+012 -4.527060e+010 
-2.870639e+012 -4.585848e+010 
-2.870630e+012 -4.644636e+010 
-2.870620e+012 -4.703424e+010 
-2.870610e+012 -4.762211e+010 
-2.870601e+012 -4.820999e+010 
-2.870591e+012 -4.879786e+010 
-2.870581e+012 -4.938572e+010 
-2.870571e+012 -4.997359e+010 
-2.870561e+012 -5.056146e+010 
-2.870550e+012 -5.114932e+010 
-2.870540e+012 -5.173718e+010 
-2.870529e+012 -5.232504e+010 
-2.870519e+012 -5.291289e+010 
-2.870508e+012 -5.350074e+010 
-2.870497e+012 -5.408860e+010 
-2.870486e+012 -5.467644e+010 
-2.870475e+012 -5.526429e+010 
-2.870463e+012 -5.585214e+010 
-2.870452e+012 -5.643998e+010 
-2.870440e+012 -5.702782e+010 
-2.870429e+012 -5.761565e+010 
-2.870417e+012 -5.820349e+010 
-2.870405e+012 -5.879132e+010 
-2.870393e+012 -5.937915e+010 
-2.870381e+012 -5.996698e+010 
-2.870368e+012 -6.055480e+010 
-2.870356e+012 -6.114263e+010 
-2.870344e+012 -6.173045e+010 
-2.870331e+012 -6.231826e+010 
-2.870318e+012 -6.290608e+010 
-2.870305e+012 -6.349389e+010 
-2.870292e+012 -6.408170e+010 
-2.870279e+012 -6.466951e+010 
-2.870266e+012 -6.525731e+010 
-2.870253e+012 -6.584511e+010 
-2.870239e+012 -6.643291e+010 
-2.870226e+012 -6.702071e+010 
-2.870212e+012 -6.760850e+010 
-2.870198e+012 -6.819629e+010 
-2.870184e+012 -6.878408e+010 
-2.870170e+012 -6.937186e+010 
-2.870156e+012 -6.995964e+010 
-2.870142e+012 -7.054742e+010 
-2.870127e+012 -7.113519e+010 
-2.870113e+012 -7.172297e+010 
-2.870098e+012 -7.231074e+010 
-2.870083e+012 -7.289850e+010 
-2.870068e+012 -7.348627e+010 
-2.870053e+012 -7.407403e+010 
-2.870038e+012 -7.466178e+010 
-2.870023e+012 -7.524954e+010 
-2.870007e+012 -7.583729e+010 
-2.869992e+012 -7.642504e+010 
-2.869976e+012 -7.701278e+010 
-2.869961e+012 -7.760052e+010 
-2.869945e+012 -7.818826e+010 
-2.869929e+012 -7.877600e+010 
-2.869913e+012 -7.936373e+010 
-2.869896e+012 -7.995146e+010 
-2.869880e+012 -8.053918e+010 
-2.869864e+012 -8.112690e+010 
-2.869847e+012 -8.171462e+010 
-2.869830e+012 -8.230234e+010 
-2.869813e+012 -8.289005e+010 
-2.869796e+012 -8.347775e+010 
-2.869779e+012 -8.406546e+010 
-2.869762e+012 -8.465316e+010 
-2.869745e+012 -8.524086e+010 
-2.869727e+012 -8.582855e+010 
-2.869710e+012 -8.641624e+010 
-2.869692e+012 -8.700393e+010 
-2.869674e+012 -8.759161e+010 
-2.869657e+012 -8.817929e+010 
-2.869639e+012 -8.876696e+010 
-2.869620e+012 -8.935464e+010 
-2.869602e+012 -8.994230e+010 
-2.869584e+012 -9.052997e+010 
-2.869565e+012 -9.111763e+010 
-2.869547e+012 -9.170529e+010 
-2.869528e+012 -9.229294e+010 
-2.869509e+012 -9.288059e+010 
-2.869490e+012 -9.346823e+010 
-2.869471e+012 -9.405587e+010 
-2.869452e+012 -9.464351e+010 
-2.869432e+012 -9.523114e+010 
-2.869413e+012 -9.581877e+010 
-2.869393e+012 -9.640640e+010 
-2.869373e+012 -9.699402e+010 
-2.869354e+012 -9.758164e+010 
-2.869334e+012 -9.816925e+010 
-2.869314e+012 -9.875686e+010 
-2.869293e+012 -9.934446e+010 
-2.869273e+012 -9.993206e+010 
-2.869253e+012 -1.005197e+011 
-2.869232e+012 -1.011073e+011 
-2.869211e+012 -1.016948e+011 
-2.869191e+012 -1.022824e+011 
-2.869170e+012 -1.028700e+011 
-2.869149e+012 -1.034576e+011 
-2.869128e+012 -1.040451e+011 
-2.869106e+012 -1.046327e+011 
-2.869085e+012 -1.052203e+011 
-2.869063e+012 -1.058078e+011 
-2.869042e+012 -1.063954e+011 
-2.869020e+012 -1.069829e+011 
-2.868998e+012 -1.075705e+011 
-2.868976e+012 -1.081580e+011 
-2.868954e+012 -1.087456e+011 
-2.868932e+012 -1.093331e+011 
-2.868909e+012 -1.099206e+011 
-2.868887e+012 -1.105081e+011 
-2.868864e+012 -1.110957e+011 
-2.868842e+012 -1.116832e+011 
-2.868819e+012 -1.122707e+011 
-2.868796e+012 -1.128582e+011 
-2.868773e+012 -1.134457e+011 
-2.868750e+012 -1.140332e+011 
-2.868726e+012 -1.146207e+011 
-2.868703e+012 -1.152081e+011 
-2.868679e+012 -1.157956e+011 
-2.868656e+012 -1.163831e+011 
-2.868632e+012 -1.169706e+011 
-2.868608e+012 -1.175580e+011 
-2.868584e+012 -1.181455e+011 
-2.868560e+012 -1.187329e+011 
-2.868535e+012 -1.193204e+011 
-2.868511e+012 -1.199078e+011 
-2.868486e+012 -1.204953e+011 
-2.868462e+012 -1.210827e+011 
-2.868437e+012 -1.216701e+011 
-2.868412e+012 -1.222576e+011 
-2.868387e+012 -1.228450e+011 
-2.868362e+012 -1.234324e+011 
-2.868337e+012 -1.240198e+011 
-2.868311e+012 -1.246072e+011 
-2.868286e+012 -1.251946e+011 
-2.868260e+012 -1.257820e+011 
-2.868235e+012 -1.263694e+011 
-2.868209e+012 -1.269568e+011 
-2.868183e+012 -1.275441e+011 
-2.868157e+012 -1.281315e+011 
-2.868131e+012 -1.287189e+011 
-2.868104e+012 -1.293062e+011 
-2.868078e+012 -1.298936e+011 
-2.868051e+012 -1.304810e+011 
-2.868025e+012 -1.310683e+011 
-2.867998e+012 -1.316556e+011 
-2.867971e+012 -1.322430e+011 
-2.867944e+012 -1.328303e+011 
-2.867917e+012 -1.334176e+011 
-2.867889e+012 -1.340049e+011 
-2.867862e+012 -1.345922e+011 
-2.867834e+012 -1.351796e+011 
-2.867807e+012 -1.357669e+011 
-2.867779e+012 -1.363542e+011 
-2.867751e+012 -1.369414e+011 
-2.867723e+012 -1.375287e+011 
-2.867695e+012 -1.381160e+011 
-2.867667e+012 -1.387033e+011 
-2.867638e+012 -1.392905e+011 
-2.867610e+012 -1.398778e+011 
-2.867581e+012 -1.404651e+011 
-2.867553e+012 -1.410523e+011 
-2.867524e+012 -1.416395e+011 
-2.867495e+012 -1.422268e+011 
-2.867466e+012 -1.428140e+011 
-2.867436e+012 -1.434012e+011 
-2.867407e+012 -1.439885e+011 
-2.867378e+012 -1.445757e+011 
-2.867348e+012 -1.451629e+011 
-2.867318e+012 -1.457501e+011 
-2.867289e+012 -1.463373e+011 
-2.867259e+012 -1.469245e+011 
-2.867229e+012 -1.475116e+011 
-2.867199e+012 -1.480988e+011 
-2.867168e+012 -1.486860e+011 
-2.867138e+012 -1.492731e+011 
-2.867107e+012 -1.498603e+011 
-2.867077e+012 -1.504475e+011 
-2.867046e+012 -1.510346e+011 
-2.867015e+012 -1.516217e+011 
-2.866984e+012 -1.522089e+011 
-2.866953e+012 -1.527960e+011 
-2.866922e+012 -1.533831e+011 
-2.866890e+012 -1.539702e+011 
-2.866859e+012 -1.545573e+011 
-2.866827e+012 -1.551444e+011 
-2.866795e+012 -1.557315e+011 
-2.866764e+012 -1.563186e+011 
-2.866732e+012 -1.569057e+011 
-2.866700e+012 -1.574928e+011 
-2.866667e+012 -1.580798e+011 
-2.866635e+012 -1.586669e+011 
-2.866603e+012 -1.592539e+011 
-2.866570e+012 -1.598410e+011 
-2.866537e+012 -1.604280e+011 
-2.866505e+012 -1.610151e+011 
-2.866472e+012 -1.616021e+011 
-2.866439e+012 -1.621891e+011 
-2.866405e+012 -1.627761e+011 
-2.866372e+012 -1.633631e+011 
-2.866339e+012 -1.639501e+011 
-2.866305e+012 -1.645371e+011 
-2.866272e+012 -1.651241e+011 
-2.866238e+012 -1.657111e+011 
-2.866204e+012 -1.662981e+011 
-2.866170e+012 -1.668850e+011 
-2.866136e+012 -1.674720e+011 
-2.866102e+012 -1.680589e+011 
-2.866067e+012 -1.686459e+011 
-2.866033e+012 -1.692328e+011 
-2.865998e+012 -1.698197e+011 
-2.865963e+012 -1.704067e+011 
-2.865929e+012 -1.709936e+011 
-2.865894e+012 -1.715805e+011 
-2.865858e+012 -1.721674e+011 
-2.865823e+012 -1.727543e+011 
-2.865788e+012 -1.733412e+011 
-2.865753e+012 -1.739281e+011 
-2.865717e+012 -1.745149e+011 
-2.865681e+012 -1.751018e+011 
-2.865645e+012 -1.756887e+011 
-2.865610e+012 -1.762755e+011 
-2.865573e+012 -1.768623e+011 
-2.865537e+012 -1.774492e+011 
-2.865501e+012 -1.780360e+011 
-2.865465e+012 -1.786228e+011 
-2.865428e+012 -1.792096e+011 
-2.865391e+012 -1.797964e+011 
-2.865355e+012 -1.803832e+011 
-2.865318e+012 -1.809700e+011 
-2.865281e+012 -1.815568e+011 
-2.865244e+012 -1.821436e+011 
-2.865206e+012 -1.827304e+011 
-2.865169e+012 -1.833171e+011 
-2.865132e+012 -1.839039e+011 
-2.865094e+012 -1.844906e+011 
-2.865056e+012 -1.850774e+011 
-2.865018e+012 -1.856641e+011 
-2.864980e+012 -1.862508e+011 
-2.864942e+012 -1.868375e+011 
-2.864904e+012 -1.874242e+011 
-2.864866e+012 -1.880109e+011 
-2.864827e+012 -1.885976e+011 
-2.864789e+012 -1.891843e+011 
-2.864750e+012 -1.897710e+011 
-2.864711e+012 -1.903576e+011 
-2.864672e+012 -1.909443e+011 
-2.864633e+012 -1.915309e+011 
-2.864594e+012 -1.921176e+011 
-2.864555e+012 -1.927042e+011 
-2.864516e+012 -1.932908e+011 
-2.864476e+012 -1.938775e+011 
-2.864436e+012 -1.944641e+011 
-2.864397e+012 -1.950507e+011 
-2.864357e+012 -1.956373e+011 
-2.864317e+012 -1.962239e+011 
-2.864277e+012 -1.968104e+011 
-2.864236e+012 -1.973970e+011 
-2.864196e+012 -1.979836e+011 
-2.864155e+012 -1.985701e+011 
-2.864115e+012 -1.991567e+011 
-2.864074e+012 -1.997432e+011 
-2.864033e+012 -2.003297e+011 
-2.863992e+012 -2.009162e+011 
-2.863951e+012 -2.015028e+011 
-2.863910e+012 -2.020893e+011 
-2.863869e+012 -2.026758e+011 
-2.863827e+012 -2.032622e+011 
-2.863786e+012 -2.038487e+011 
-2.863744e+012 -2.044352e+011 
-2.863702e+012 -2.050216e+011 
-2.863660e+012 -2.056081e+011 
-2.863618e+012 -2.061945e+011 
-2.863576e+012 -2.067810e+011 
-2.863534e+012 -2.073674e+011 
-2.863491e+012 -2.079538e+011 
-2.863449e+012 -2.085402e+011 
-2.863406e+012 -2.091266e+011 
-2.863363e+012 -2.097130e+011 
-2.863321e+012 -2.102994e+011 
-2.863278e+012 -2.108858e+011 
-2.863234e+012 -2.114721e+011 
-2.863191e+012 -2.120585e+011 
-2.863148e+012 -2.126448e+011 
-2.863104e+012 -2.132312e+011 
-2.863061e+012 -2.138175e+011 
-2.863017e+012 -2.144038e+011 
-2.862973e+012 -2.149901e+011 
-2.862929e+012 -2.155764e+011 
-2.862885e+012 -2.161627e+011 
-2.862841e+012 -2.167490e+011 
-2.862797e+012 -2.173353e+011 
-2.862752e+012 -2.179215e+011 
-2.862708e+012 -2.185078e+011 
-2.862663e+012 -2.190940e+011 
-2.862618e+012 -2.196803e+011 
-2.862573e+012 -2.202665e+011 
-2.862528e+012 -2.208527e+011 
-2.862483e+012 -2.214389e+011 
-2.862438e+012 -2.220251e+011 
-2.862392e+012 -2.226113e+011 
-2.862347e+012 -2.231975e+011 
-2.862301e+012 -2.237837e+011 
-2.862255e+012 -2.243699e+011 
-2.862210e+012 -2.249560e+011 
-2.862164e+012 -2.255422e+011 
-2.862117e+012 -2.261283e+011 
-2.862071e+012 -2.267144e+011 
-2.862025e+012 -2.273005e+011 
-2.861978e+012 -2.278866e+011 
-2.861932e+012 -2.284727e+011 
-2.861885e+012 -2.290588e+011 
-2.861838e+012 -2.296449e+011 
-2.861791e+012 -2.302310e+011 
-2.861744e+012 -2.308170e+011 
-2.861697e+012 -2.314031e+011 
-2.861650e+012 -2.319891e+011 
-2.861602e+012 -2.325751e+011 
-2.861555e+012 -2.331612e+011 
-2.861507e+012 -2.337472e+011 
-2.861459e+012 -2.343332e+011 
-2.861411e+012 -2.349192e+011 
-2.861363e+012 -2.355051e+011 
-2.861315e+012 -2.360911e+011 
-2.861267e+012 -2.366771e+011 
-2.861218e+012 -2.372630e+011 
-2.861170e+012 -2.378490e+011 
-2.861121e+012 -2.384349e+011 
-2.861073e+012 -2.390208e+011 
-2.861024e+012 -2.396067e+011 
-2.860975e+012 -2.401926e+011 
-2.860926e+012 -2.407785e+011 
-2.860876e+012 -2.413644e+011 
-2.860827e+012 -2.419503e+011 
-2.860777e+012 -2.425361e+011 
-2.860728e+012 -2.431220e+011 
-2.860678e+012 -2.437078e+011 
-2.860628e+012 -2.442937e+011 
-2.860578e+012 -2.448795e+011 
-2.860528e+012 -2.454653e+011 
-2.860478e+012 -2.460511e+011 
-2.860428e+012 -2.466369e+011 
-2.860377e+012 -2.472227e+011 
-2.860327e+012 -2.478084e+011 
-2.860276e+012 -2.483942e+011 
-2.860225e+012 -2.489799e+011 
-2.860174e+012 -2.495657e+011 
-2.860123e+012 -2.501514e+011 
-2.860072e+012 -2.507371e+011 
-2.860021e+012 -2.513228e+011 
-2.859970e+012 -2.519085e+011 
-2.859918e+012 -2.524942e+011 
-2.859866e+012 -2.530799e+011 
-2.859815e+012 -2.536655e+011 
-2.859763e+012 -2.542512e+011 
-2.859711e+012 -2.548368e+011 
-2.859659e+012 -2.554225e+011 
-2.859607e+012 -2.560081e+011 
-2.859554e+012 -2.565937e+011 
-2.859502e+012 -2.571793e+011 
-2.859449e+012 -2.577649e+011 
-2.859396e+012 -2.583505e+011 
-2.859344e+012 -2.589360e+011 
-2.859291e+012 -2.595216e+011 
-2.859238e+012 -2.601071e+011 
-2.859184e+012 -2.606927e+011 
-2.859131e+012 -2.612782e+011 
-2.859078e+012 -2.618637e+011 
-2.859024e+012 -2.624492e+011 
-2.858970e+012 -2.630347e+011 
-2.858917e+012 -2.636202e+011 
-2.858863e+012 -2.642056e+011 
-2.858809e+012 -2.647911e+011 
-2.858755e+012 -2.653765e+011 
-2.858700e+012 -2.659620e+011 
-2.858646e+012 -2.665474e+011 
-2.858591e+012 -2.671328e+011 
-2.858537e+012 -2.677182e+011 
-2.858482e+012 -2.683036e+011 
-2.858427e+012 -2.688890e+011 
-2.858372e+012 -2.694744e+011 
-2.858317e+012 -2.700597e+011 
-2.858262e+012 -2.706451e+011 
-2.858207e+012 -2.712304e+011 
-2.858151e+012 -2.718157e+011 
-2.858095e+012 -2.724010e+011 
-2.858040e+012 -2.729863e+011 
-2.857984e+012 -2.735716e+011 
-2.857928e+012 -2.741569e+011 
-2.857872e+012 -2.747422e+011 
-2.857816e+012 -2.753274e+011 
-2.857759e+012 -2.759127e+011 
-2.857703e+012 -2.764979e+011 
-2.857647e+012 -2.770831e+011 
-2.857590e+012 -2.776683e+011 
-2.857533e+012 -2.782535e+011 
-2.857476e+012 -2.788387e+011 
-2.857419e+012 -2.794239e+011 
-2.857362e+012 -2.800090e+011 
-2.857305e+012 -2.805942e+011 
-2.857247e+012 -2.811793e+011 
-2.857190e+012 -2.817644e+011 
-2.857132e+012 -2.823496e+011 
-2.857075e+012 -2.829347e+011 
-2.857017e+012 -2.835198e+011 
-2.856959e+012 -2.841048e+011 
-2.856901e+012 -2.846899e+011 
-2.856842e+012 -2.852750e+011 
-2.856784e+012 -2.858600e+011 
-2.856726e+012 -2.864450e+011 
-2.856667e+012 -2.870300e+011 
-2.856608e+012 -2.876151e+011 
-2.856550e+012 -2.882000e+011 
-2.856491e+012 -2.887850e+011 
-2.856432e+012 -2.893700e+011 
-2.856372e+012 -2.899550e+011 
-2.856313e+012 -2.905399e+011 
-2.856254e+012 -2.911248e+011 
-2.856194e+012 -2.917098e+011 
-2.856135e+012 -2.922947e+011 
-2.856075e+012 -2.928796e+011 
-2.856015e+012 -2.934645e+011 
-2.855955e+012 -2.940493e+011 
-2.855895e+012 -2.946342e+011 
-2.855835e+012 -2.952190e+011 
-2.855774e+012 -2.958039e+011 
-2.855714e+012 -2.963887e+011 
-2.855653e+012 -2.969735e+011 
-2.855592e+012 -2.975583e+011 
-2.855531e+012 -2.981431e+011 
-2.855471e+012 -2.987279e+011 
-2.855409e+012 -2.993126e+011 
-2.855348e+012 -2.998974e+011 
-2.855287e+012 -3.004821e+011 
-2.855225e+012 -3.010668e+011 
-2.855164e+012 -3.016516e+011 
-2.855102e+012 -3.022363e+011 
-2.855040e+012 -3.028209e+011 
-2.854979e+012 -3.034056e+011 
-2.854916e+012 -3.039903e+011 
-2.854854e+012 -3.045749e+011 
-2.854792e+012 -3.051596e+011 
-2.854730e+012 -3.057442e+011 
-2.854667e+012 -3.063288e+011 
-2.854604e+012 -3.069134e+011 
-2.854542e+012 -3.074980e+011 
-2.854479e+012 -3.080825e+011 
-2.854416e+012 -3.086671e+011 
-2.854353e+012 -3.092516e+011 
-2.854289e+012 -3.098362e+011 
-2.854226e+012 -3.104207e+011 
-2.854163e+012 -3.110052e+011 
-2.854099e+012 -3.115897e+011 
-2.854035e+012 -3.121742e+011 
-2.853972e+012 -3.127586e+011 
-2.853908e+012 -3.133431e+011 
-2.853843e+012 -3.139275e+011 
-2.853779e+012 -3.145120e+011 
-2.853715e+012 -3.150964e+011 
-2.853651e+012 -3.156808e+011 
-2.853586e+012 -3.162652e+011 
-2.853521e+012 -3.168495e+011 
-2.853457e+012 -3.174339e+011 
-2.853392e+012 -3.180183e+011 
-2.853327e+012 -3.186026e+011 
-2.853261e+012 -3.191869e+011 
-2.853196e+012 -3.197712e+011 
-2.853131e+012 -3.203555e+011 
-2.853065e+012 -3.209398e+011 
-2.853000e+012 -3.215241e+011 
-2.852934e+012 -3.221083e+011 
-2.852868e+012 -3.226926e+011 
-2.852802e+012 -3.232768e+011 
-2.852736e+012 -3.238610e+011 
-2.852670e+012 -3.244452e+011 
-2.852603e+012 -3.250294e+011 
-2.852537e+012 -3.256136e+011 
-2.852470e+012 -3.261977e+011 
-2.852404e+012 -3.267819e+011 
-2.852337e+012 -3.273660e+011 
-2.852270e+012 -3.279501e+011 
-2.852203e+012 -3.285342e+011 
-2.852136e+012 -3.291183e+011 
-2.852068e+012 -3.297024e+011 
-2.852001e+012 -3.302865e+011 
-2.851933e+012 -3.308705e+011 
-2.851866e+012 -3.314545e+011 
-2.851798e+012 -3.320386e+011 
-2.851730e+012 -3.326226e+011 
-2.851662e+012 -3.332066e+011 
-2.851594e+012 -3.337905e+011 
-2.851526e+012 -3.343745e+011 
-2.851457e+012 -3.349585e+011 
-2.851389e+012 -3.355424e+011 
-2.851320e+012 -3.361263e+011 
-2.851252e+012 -3.367102e+011 
-2.851183e+012 -3.372941e+011 
-2.851114e+012 -3.378780e+011 
-2.851045e+012 -3.384619e+011 
-2.850975e+012 -3.390457e+011 
-2.850906e+012 -3.396296e+011 
-2.850837e+012 -3.402134e+011 
-2.850767e+012 -3.407972e+011 
-2.850697e+012 -3.413810e+011 
-2.850628e+012 -3.419648e+011 
-2.850558e+012 -3.425486e+011 
-2.850488e+012 -3.431323e+011 
-2.850417e+012 -3.437160e+011 
-2.850347e+012 -3.442998e+011 
-2.850277e+012 -3.448835e+011 
-2.850206e+012 -3.454672e+011 
-2.850136e+012 -3.460509e+011 
-2.850065e+012 -3.466345e+011 
-2.849994e+012 -3.472182e+011 
-2.849923e+012 -3.478018e+011 
-2.849852e+012 -3.483854e+011 
-2.849781e+012 -3.489690e+011 
-2.849709e+012 -3.495526e+011 
-2.849638e+012 -3.501362e+011 
-2.849566e+012 -3.507198e+011 
-2.849494e+012 -3.513033e+011 
-2.849423e+012 -3.518869e+011 
-2.849351e+012 -3.524704e+011 
-2.849279e+012 -3.530539e+011 
-2.849206e+012 -3.536374e+011 
-2.849134e+012 -3.542209e+011 
-2.849062e+012 -3.548043e+011 
-2.848989e+012 -3.553878e+011 
-2.848916e+012 -3.559712e+011 
-2.848844e+012 -3.565546e+011 
-2.848771e+012 -3.571380e+011 
-2.848698e+012 -3.577214e+011 
-2.848625e+012 -3.583048e+011 
-2.848551e+012 -3.588881e+011 
-2.848478e+012 -3.594715e+011 
-2.848404e+012 -3.600548e+011 
-2.848331e+012 -3.606381e+011 
-2.848257e+012 -3.612214e+011 
-2.848183e+012 -3.618047e+011 
-2.848109e+012 -3.623880e+011 
-2.848035e+012 -3.629712e+011 
-2.847961e+012 -3.635545e+011 
-2.847887e+012 -3.641377e+011 
-2.847812e+012 -3.647209e+011 
-2.847738e+012 -3.653041e+011 
-2.847663e+012 -3.658872e+011 
-2.847588e+012 -3.664704e+011 
-2.847513e+012 -3.670536e+011 
-2.847438e+012 -3.676367e+011 
-2.847363e+012 -3.682198e+011 
-2.847288e+012 -3.688029e+011 
-2.847212e+012 -3.693860e+011 
-2.847137e+012 -3.699690e+011 
-2.847061e+012 -3.705521e+011 
-2.846985e+012 -3.711351e+011 
-2.846909e+012 -3.717182e+011 
-2.846833e+012 -3.723012e+011 
-2.846757e+012 -3.728841e+011 
-2.846681e+012 -3.734671e+011 
-2.846605e+012 -3.740501e+011 
-2.846528e+012 -3.746330e+011 
-2.846451e+012 -3.752159e+011 
-2.846375e+012 -3.757989e+011 
-2.846298e+012 -3.763818e+011 
-2.846221e+012 -3.769646e+011 
-2.846144e+012 -3.775475e+011 
-2.846067e+012 -3.781303e+011 
-2.845989e+012 -3.787132e+011 
-2.845912e+012 -3.792960e+011 
-2.845834e+012 -3.798788e+011 
-2.845757e+012 -3.804616e+011 
-2.845679e+012 -3.810444e+011 
-2.845601e+012 -3.816271e+011 
-2.845523e+012 -3.822098e+011 
-2.845445e+012 -3.827926e+011 
-2.845366e+012 -3.833753e+011 
-2.845288e+012 -3.839580e+011 
-2.845210e+012 -3.845406e+011 
-2.845131e+012 -3.851233e+011 
-2.845052e+012 -3.857059e+011 
-2.844973e+012 -3.862885e+011 
-2.844894e+012 -3.868712e+011 
-2.844815e+012 -3.874537e+011 
-2.844736e+012 -3.880363e+011 
-2.844657e+012 -3.886189e+011 
-2.844577e+012 -3.892014e+011 
-2.844498e+012 -3.897840e+011 
-2.844418e+012 -3.903665e+011 
-2.844338e+012 -3.909490e+011 
-2.844258e+012 -3.915314e+011 
-2.844178e+012 -3.921139e+011 
-2.844098e+012 -3.926963e+011 
-2.844018e+012 -3.932788e+011 
-2.843937e+012 -3.938612e+011 
-2.843857e+012 -3.944436e+011 
-2.843776e+012 -3.950260e+011 
-2.843695e+012 -3.956083e+011 
-2.843614e+012 -3.961907e+011 
-2.843533e+012 -3.967730e+011 
-2.843452e+012 -3.973553e+011 
-2.843371e+012 -3.979376e+011 
-2.843290e+012 -3.985199e+011 
-2.843208e+012 -3.991022e+011 
-2.843126e+012 -3.996844e+011 
-2.843045e+012 -4.002666e+011 
-2.842963e+012 -4.008488e+011 
-2.842881e+012 -4.014310e+011 
-2.842799e+012 -4.020132e+011 
-2.842717e+012 -4.025954e+011 
-2.842634e+012 -4.031775e+011 
-2.842552e+012 -4.037596e+011 
-2.842469e+012 -4.043418e+011 
-2.842387e+012 -4.049239e+011 
-2.842304e+012 -4.055059e+011 
-2.842221e+012 -4.060880e+011 
-2.842138e+012 -4.066700e+011 
-2.842055e+012 -4.072521e+011 
-2.841971e+012 -4.078341e+011 
-2.841888e+012 -4.084161e+011 
-2.841805e+012 -4.089980e+011 
-2.841721e+012 -4.095800e+011 
-2.841637e+012 -4.101619e+011 
-2.841553e+012 -4.107439e+011 
-2.841469e+012 -4.113258e+011 
-2.841385e+012 -4.119077e+011 
-2.841301e+012 -4.124895e+011 
-2.841217e+012 -4.130714e+011 
-2.841132e+012 -4.136532e+011 
-2.841048e+012 -4.142350e+011 
-2.840963e+012 -4.148169e+011 
-2.840878e+012 -4.153986e+011 
-2.840793e+012 -4.159804e+011 
-2.840708e+012 -4.165622e+011 
-2.840623e+012 -4.171439e+011 
-2.840538e+012 -4.177256e+011 
-2.840452e+012 -4.183073e+011 
-2.840367e+012 -4.188890e+011 
-2.840281e+012 -4.194706e+011 
-2.840195e+012 -4.200523e+011 
-2.840109e+012 -4.206339e+011 
-2.840023e+012 -4.212155e+011 
-2.839937e+012 -4.217971e+011 
-2.839851e+012 -4.223787e+011 
-2.839765e+012 -4.229603e+011 
-2.839678e+012 -4.235418e+011 
-2.839592e+012 -4.241233e+011 
-2.839505e+012 -4.247048e+011 
-2.839418e+012 -4.252863e+011 
-2.839331e+012 -4.258678e+011 
-2.839244e+012 -4.264492e+011 
-2.839157e+012 -4.270307e+011 
-2.839069e+012 -4.276121e+011 
