731 2
1.082000e+011 0.000000e+000 
1.082000e+011 3.025548e+009 
1.081155e+011 6.048732e+009 
1.079465e+011 9.067195e+009 
1.076934e+011 1.207859e+010 
1.073565e+011 1.508058e+010 
1.069360e+011 1.807084e+010 
1.064325e+011 2.104706e+010 
1.058464e+011 2.400695e+010 
1.051783e+011 2.694823e+010 
1.044287e+011 2.986864e+010 
1.035983e+011 3.276596e+010 
1.026879e+011 3.563797e+010 
1.016983e+011 3.848247e+010 
1.006303e+011 4.129731e+010 
9.948482e+010 4.408035e+010 
9.826280e+010 4.682949e+010 
9.696528e+010 4.954265e+010 
9.559334e+010 5.221777e+010 
9.414809e+010 5.485286e+010 
9.263072e+010 5.744593e+010 
9.104246e+010 5.999503e+010 
8.938460e+010 6.249827e+010 
8.765847e+010 6.495377e+010 
8.586544e+010 6.735970e+010 
8.400695e+010 6.971428e+010 
8.208446e+010 7.201575e+010 
8.009950e+010 7.426242e+010 
7.805364e+010 7.645261e+010 
7.594846e+010 7.858471e+010 
7.378563e+010 8.065715e+010 
7.156682e+010 8.266840e+010 
6.929376e+010 8.461698e+010 
6.696821e+010 8.650147e+010 
6.459196e+010 8.832048e+010 
6.216686e+010 9.007268e+010 
5.969476e+010 9.175678e+010 
5.717756e+010 9.337157e+010 
5.461718e+010 9.491585e+010 
5.201560e+010 9.638851e+010 
4.937478e+010 9.778847e+010 
4.669674e+010 9.911471e+010 
4.398351e+010 1.003663e+011 
4.123717e+010 1.015423e+011 
3.845977e+010 1.026418e+011 
3.565344e+010 1.036641e+011 
3.282029e+010 1.046084e+011 
2.996245e+010 1.054740e+011 
2.708210e+010 1.062604e+011 
2.418138e+010 1.069669e+011 
2.126250e+010 1.075930e+011 
1.832765e+010 1.081383e+011 
1.537903e+010 1.086024e+011 
1.241886e+010 1.089850e+011 
9.449370e+009 1.092857e+011 
6.472783e+009 1.095043e+011 
3.491336e+009 1.096407e+011 
5.072681e+008 1.096948e+011 
-2.477181e+009 1.096666e+011 
-5.459770e+009 1.095560e+011 
-8.438259e+009 1.093632e+011 
-1.141041e+010 1.090883e+011 
-1.437400e+010 1.087314e+011 
-1.732678e+010 1.082928e+011 
-2.026655e+010 1.077729e+011 
-2.319109e+010 1.071720e+011 
-2.609820e+010 1.064906e+011 
-2.898569e+010 1.057290e+011 
-3.185138e+010 1.048880e+011 
-3.469310e+010 1.039681e+011 
-3.750871e+010 1.029699e+011 
-4.029608e+010 1.018941e+011 
-4.305309e+010 1.007416e+011 
-4.577766e+010 9.951321e+010 
-4.846770e+010 9.820976e+010 
-5.112119e+010 9.683222e+010 
-5.373609e+010 9.538158e+010 
-5.631040e+010 9.385891e+010 
-5.884215e+010 9.226531e+010 
-6.132941e+010 9.060194e+010 
-6.377027e+010 8.887000e+010 
-6.616283e+010 8.707077e+010 
-6.850525e+010 8.520556e+010 
-7.079573e+010 8.327574e+010 
-7.303248e+010 8.128272e+010 
-7.521376e+010 7.922797e+010 
-7.733787e+010 7.711299e+010 
-7.940315e+010 7.493935e+010 
-8.140797e+010 7.270865e+010 
-8.335074e+010 7.042254e+010 
-8.522995e+010 6.808272e+010 
-8.704408e+010 6.569091e+010 
-8.879170e+010 6.324891e+010 
-9.047140e+010 6.075853e+010 
-9.208183e+010 5.822163e+010 
-9.362169e+010 5.564011e+010 
-9.508973e+010 5.301590e+010 
-9.648473e+010 5.035098e+010 
-9.780557e+010 4.764735e+010 
-9.905114e+010 4.490706e+010 
-1.002204e+011 4.213216e+010 
-1.013124e+011 3.932477e+010 
-1.023261e+011 3.648703e+010 
-1.032608e+011 3.362107e+010 
-1.041155e+011 3.072911e+010 
-1.048896e+011 2.781334e+010 
-1.055824e+011 2.487599e+010 
-1.061931e+011 2.191934e+010 
-1.067213e+011 1.894564e+010 
-1.071665e+011 1.595720e+010 
-1.075282e+011 1.295633e+010 
-1.078060e+011 9.945353e+009 
-1.079996e+011 6.926608e+009 
-1.081088e+011 3.902448e+009 
-1.081333e+011 8.752325e+008 
-1.080731e+011 -2.152668e+009 
-1.079281e+011 -5.178881e+009 
-1.076984e+011 -8.201024e+009 
-1.073839e+011 -1.121672e+010 
-1.069849e+011 -1.422358e+010 
-1.065015e+011 -1.721923e+010 
-1.059341e+011 -2.020129e+010 
-1.052830e+011 -2.316739e+010 
-1.045486e+011 -2.611516e+010 
-1.037314e+011 -2.904225e+010 
-1.028319e+011 -3.194632e+010 
-1.018509e+011 -3.482503e+010 
-1.007889e+011 -3.767607e+010 
-9.964673e+010 -4.049713e+010 
-9.842521e+010 -4.328595e+010 
-9.712524e+010 -4.604026e+010 
-9.574775e+010 -4.875783e+010 
-9.429377e+010 -5.143645e+010 
-9.276438e+010 -5.407393e+010 
-9.116074e+010 -5.666812e+010 
-8.948405e+010 -5.921691e+010 
-8.773558e+010 -6.171820e+010 
-8.591667e+010 -6.416994e+010 
-8.402872e+010 -6.657011e+010 
-8.207317e+010 -6.891673e+010 
-8.005155e+010 -7.120786e+010 
-7.796543e+010 -7.344162e+010 
-7.581643e+010 -7.561615e+010 
-7.360623e+010 -7.772965e+010 
-7.133657e+010 -7.978035e+010 
-6.900924e+010 -8.176656e+010 
-6.662608e+010 -8.368661e+010 
-6.418898e+010 -8.553891e+010 
-6.169987e+010 -8.732191e+010 
-5.916074e+010 -8.903411e+010 
-5.657361e+010 -9.067408e+010 
-5.394056e+010 -9.224044e+010 
-5.126369e+010 -9.373188e+010 
-4.854516e+010 -9.514714e+010 
-4.578716e+010 -9.648503e+010 
-4.299191e+010 -9.774443e+010 
-4.016166e+010 -9.892427e+010 
-3.729872e+010 -1.000236e+011 
-3.440539e+010 -1.010414e+011 
-3.148402e+010 -1.019768e+011 
-2.853698e+010 -1.028292e+011 
-2.556668e+010 -1.035977e+011 
-2.257553e+010 -1.042817e+011 
-1.956595e+010 -1.048806e+011 
-1.654041e+010 -1.053939e+011 
-1.350137e+010 -1.058212e+011 
-1.045131e+010 -1.061622e+011 
-7.392715e+009 -1.064164e+011 
-4.328087e+009 -1.065838e+011 
-1.259925e+009 -1.066642e+011 
1.809266e+009 -1.066575e+011 
4.876980e+009 -1.065637e+011 
7.940712e+009 -1.063829e+011 
1.099796e+010 -1.061153e+011 
1.404624e+010 -1.057611e+011 
1.708305e+010 -1.053205e+011 
2.010592e+010 -1.047941e+011 
2.311240e+010 -1.041821e+011 
2.610003e+010 -1.034852e+011 
2.906638e+010 -1.027040e+011 
3.200905e+010 -1.018391e+011 
3.492564e+010 -1.008911e+011 
3.781379e+010 -9.986109e+010 
4.067116e+010 -9.874975e+010 
4.349544e+010 -9.755807e+010 
4.628436e+010 -9.628706e+010 
4.903566e+010 -9.493779e+010 
5.174713e+010 -9.351141e+010 
5.441659e+010 -9.200912e+010 
5.704190e+010 -9.043218e+010 
5.962096e+010 -8.878192e+010 
6.215172e+010 -8.705972e+010 
6.463215e+010 -8.526704e+010 
6.706030e+010 -8.340537e+010 
6.943422e+010 -8.147627e+010 
7.175206e+010 -7.948135e+010 
7.401198e+010 -7.742228e+010 
7.621221e+010 -7.530076e+010 
7.835102e+010 -7.311856e+010 
8.042675e+010 -7.087750e+010 
8.243779e+010 -6.857942e+010 
8.438257e+010 -6.622622e+010 
8.625960e+010 -6.381985e+010 
8.806744e+010 -6.136229e+010 
8.980471e+010 -5.885556e+010 
9.147009e+010 -5.630171e+010 
9.306231e+010 -5.370283e+010 
9.458018e+010 -5.106105e+010 
9.602257e+010 -4.837852e+010 
9.738841e+010 -4.565742e+010 
9.867669e+010 -4.289995e+010 
9.988647e+010 -4.010836e+010 
1.010169e+011 -3.728490e+010 
1.020671e+011 -3.443185e+010 
1.030364e+011 -3.155149e+010 
1.039241e+011 -2.864615e+010 
1.047296e+011 -2.571814e+010 
1.054523e+011 -2.276981e+010 
1.060918e+011 -1.980351e+010 
1.066477e+011 -1.682161e+010 
1.071196e+011 -1.382645e+010 
1.075072e+011 -1.082042e+010 
1.078104e+011 -7.805889e+009 
1.080290e+011 -4.785233e+009 
1.081629e+011 -1.760828e+009 
1.082122e+011 1.264957e+009 
1.081768e+011 4.289752e+009 
1.080569e+011 7.311197e+009 
1.078528e+011 1.032694e+010 
1.075646e+011 1.333463e+010 
1.071928e+011 1.633195e+010 
1.067375e+011 1.931657e+010 
1.061994e+011 2.228620e+010 
1.055790e+011 2.523853e+010 
1.048767e+011 2.817132e+010 
1.040933e+011 3.108230e+010 
1.032295e+011 3.396926e+010 
1.022859e+011 3.683000e+010 
1.012634e+011 3.966232e+010 
1.001629e+011 4.246409e+010 
9.898536e+010 4.523318e+010 
9.773169e+010 4.796749e+010 
9.640297e+010 5.066496e+010 
9.500028e+010 5.332357e+010 
9.352478e+010 5.594130e+010 
9.197767e+010 5.851620e+010 
9.036020e+010 6.104634e+010 
8.867368e+010 6.352982e+010 
8.691945e+010 6.596481e+010 
8.509893e+010 6.834947e+010 
8.321355e+010 7.068205e+010 
8.126481e+010 7.296081e+010 
7.925425e+010 7.518406e+010 
7.718344e+010 7.735015e+010 
7.505401e+010 7.945750e+010 
7.286762e+010 8.150455e+010 
7.062596e+010 8.348979e+010 
6.833079e+010 8.541176e+010 
6.598388e+010 8.726905e+010 
6.358703e+010 8.906030e+010 
6.114209e+010 9.078420e+010 
5.865095e+010 9.243949e+010 
5.611551e+010 9.402496e+010 
5.353771e+010 9.553946e+010 
5.091952e+010 9.698188e+010 
4.826294e+010 9.835117e+010 
4.556998e+010 9.964634e+010 
4.284269e+010 1.008664e+011 
4.008314e+010 1.020106e+011 
3.729343e+010 1.030780e+011 
3.447565e+010 1.040678e+011 
3.163195e+010 1.049793e+011 
2.876446e+010 1.058120e+011 
2.587535e+010 1.065650e+011 
2.296680e+010 1.072381e+011 
2.004099e+010 1.078305e+011 
1.710013e+010 1.083419e+011 
1.414643e+010 1.087720e+011 
1.118210e+010 1.091204e+011 
8.209377e+009 1.093869e+011 
5.230491e+009 1.095712e+011 
2.247678e+009 1.096733e+011 
-7.368224e+008 1.096930e+011 
-3.720770e+009 1.096304e+011 
-6.701923e+009 1.094855e+011 
-9.678045e+009 1.092583e+011 
-1.264690e+010 1.089492e+011 
-1.560625e+010 1.085582e+011 
-1.855388e+010 1.080856e+011 
-2.148758e+010 1.075318e+011 
-2.440512e+010 1.068972e+011 
-2.730431e+010 1.061823e+011 
-3.018298e+010 1.053875e+011 
-3.303894e+010 1.045134e+011 
-3.587003e+010 1.035607e+011 
-3.867413e+010 1.025301e+011 
-4.144910e+010 1.014222e+011 
-4.419284e+010 1.002379e+011 
-4.690326e+010 9.897800e+010 
-4.957831e+010 9.764349e+010 
-5.221595e+010 9.623529e+010 
-5.481417e+010 9.475443e+010 
-5.737097e+010 9.320199e+010 
-5.988441e+010 9.157910e+010 
-6.235255e+010 8.988693e+010 
-6.477348e+010 8.812672e+010 
-6.714536e+010 8.629975e+010 
-6.946633e+010 8.440737e+010 
-7.173461e+010 8.245096e+010 
-7.394843e+010 8.043195e+010 
-7.610607e+010 7.835183e+010 
-7.820583e+010 7.621213e+010 
-8.024608e+010 7.401444e+010 
-8.222520e+010 7.176036e+010 
-8.414164e+010 6.945157e+010 
-8.599386e+010 6.708979e+010 
-8.778041e+010 6.467677e+010 
-8.949985e+010 6.221430e+010 
-9.115080e+010 5.970422e+010 
-9.273193e+010 5.714841e+010 
-9.424195e+010 5.454878e+010 
-9.567964e+010 5.190728e+010 
-9.704382e+010 4.922590e+010 
-9.833336e+010 4.650665e+010 
-9.954718e+010 4.375160e+010 
-1.006843e+011 4.096283e+010 
-1.017437e+011 3.814245e+010 
-1.027245e+011 3.529260e+010 
-1.036259e+011 3.241546e+010 
-1.044470e+011 2.951323e+010 
-1.051872e+011 2.658812e+010 
-1.058458e+011 2.364238e+010 
-1.064221e+011 2.067827e+010 
-1.069157e+011 1.769809e+010 
-1.073260e+011 1.470412e+010 
-1.076527e+011 1.169869e+010 
-1.078953e+011 8.684124e+009 
-1.080537e+011 5.662777e+009 
-1.081275e+011 2.636999e+009 
-1.081166e+011 -3.908431e+008 
-1.080210e+011 -3.418379e+009 
-1.078405e+011 -6.443232e+009 
-1.075753e+011 -9.463020e+009 
-1.072254e+011 -1.247536e+010 
-1.067911e+011 -1.547788e+010 
-1.062725e+011 -1.846818e+010 
-1.056701e+011 -2.144391e+010 
-1.049841e+011 -2.440268e+010 
-1.042149e+011 -2.734213e+010 
-1.033633e+011 -3.025993e+010 
-1.024296e+011 -3.315372e+010 
-1.014146e+011 -3.602118e+010 
-1.003190e+011 -3.886000e+010 
-9.914348e+010 -4.166790e+010 
-9.788901e+010 -4.444260e+010 
-9.655647e+010 -4.718185e+010 
-9.514683e+010 -4.988343e+010 
-9.366114e+010 -5.254514e+010 
-9.210052e+010 -5.516481e+010 
-9.046614e+010 -5.774030e+010 
-8.875923e+010 -6.026950e+010 
-8.698110e+010 -6.275033e+010 
-8.513310e+010 -6.518077e+010 
-8.321665e+010 -6.755880e+010 
-8.123325e+010 -6.988246e+010 
-7.918441e+010 -7.214984e+010 
-7.707174e+010 -7.435906e+010 
-7.489690e+010 -7.650829e+010 
-7.266157e+010 -7.859574e+010 
-7.036753e+010 -8.061968e+010 
-6.801658e+010 -8.257842e+010 
-6.561059e+010 -8.447032e+010 
-6.315145e+010 -8.629382e+010 
-6.064114e+010 -8.804737e+010 
-5.808164e+010 -8.972952e+010 
-5.547501e+010 -9.133886e+010 
-5.282334e+010 -9.287402e+010 
-5.012875e+010 -9.433373e+010 
-4.739340e+010 -9.571676e+010 
-4.461952e+010 -9.702193e+010 
-4.180932e+010 -9.824816e+010 
-3.896509e+010 -9.939440e+010 
-3.608912e+010 -1.004597e+011 
-3.318375e+010 -1.014431e+011 
-3.025133e+010 -1.023439e+011 
-2.729425e+010 -1.031612e+011 
-2.431491e+010 -1.038944e+011 
-2.131574e+010 -1.045429e+011 
-1.829917e+010 -1.051060e+011 
-1.526767e+010 -1.055834e+011 
-1.222371e+010 -1.059746e+011 
-9.169767e+009 -1.062792e+011 
-6.108341e+009 -1.064972e+011 
-3.041927e+009 -1.066281e+011 
2.697010e+007 -1.066720e+011 
3.095845e+009 -1.066289e+011 
6.162193e+009 -1.064986e+011 
9.223510e+009 -1.062815e+011 
1.227730e+010 -1.059776e+011 
1.532107e+010 -1.055872e+011 
1.835234e+010 -1.051106e+011 
2.136863e+010 -1.045483e+011 
2.436750e+010 -1.039007e+011 
2.734650e+010 -1.031684e+011 
3.030322e+010 -1.023521e+011 
3.323524e+010 -1.014523e+011 
3.614019e+010 -1.004699e+011 
3.901572e+010 -9.940572e+010 
4.185950e+010 -9.826063e+010 
4.466924e+010 -9.703563e+010 
4.744265e+010 -9.573173e+010 
5.017752e+010 -9.435005e+010 
5.287165e+010 -9.289176e+010 
5.552286e+010 -9.135808e+010 
5.812904e+010 -8.975029e+010 
6.068811e+010 -8.806977e+010 
6.319802e+010 -8.631791e+010 
6.565678e+010 -8.449619e+010 
6.806244e+010 -8.260612e+010 
7.041309e+010 -8.064930e+010 
7.270687e+010 -7.862734e+010 
7.494200e+010 -7.654195e+010 
7.711670e+010 -7.439485e+010 
7.922929e+010 -7.218782e+010 
8.127811e+010 -6.992270e+010 
8.326159e+010 -6.760135e+010 
8.517817e+010 -6.522570e+010 
8.702640e+010 -6.279770e+010 
8.880485e+010 -6.031935e+010 
9.051217e+010 -5.779269e+010 
9.214706e+010 -5.521978e+010 
9.370830e+010 -5.260274e+010 
9.519471e+010 -4.994368e+010 
9.660517e+010 -4.724479e+010 
9.793866e+010 -4.450825e+010 
9.919420e+010 -4.173628e+010 
1.003709e+011 -3.893113e+010 
1.014678e+011 -3.609506e+010 
1.024843e+011 -3.323035e+010 
1.034195e+011 -3.033931e+010 
1.042729e+011 -2.742425e+010 
1.050438e+011 -2.448751e+010 
1.057317e+011 -2.153143e+010 
1.063363e+011 -1.855837e+010 
1.068571e+011 -1.557068e+010 
1.072938e+011 -1.257074e+010 
1.076461e+011 -9.560921e+009 
1.079139e+011 -6.543593e+009 
1.080971e+011 -3.521133e+009 
1.081957e+011 -4.959142e+008 
1.082095e+011 2.529692e+009 
1.081388e+011 5.553322e+009 
1.079837e+011 8.572616e+009 
1.077444e+011 1.158523e+010 
1.074212e+011 1.458882e+010 
1.070145e+011 1.758106e+010 
1.065246e+011 2.055964e+010 
1.059520e+011 2.352227e+010 
1.052973e+011 2.646666e+010 
1.045610e+011 2.939056e+010 
1.037439e+011 3.229172e+010 
1.028467e+011 3.516794e+010 
1.018701e+011 3.801702e+010 
1.008149e+011 4.083680e+010 
9.968211e+010 4.362512e+010 
9.847264e+010 4.637989e+010 
9.718750e+010 4.909902e+010 
9.582776e+010 5.178046e+010 
9.439453e+010 5.442219e+010 
9.288899e+010 5.702223e+010 
9.131235e+010 5.957862e+010 
8.966590e+010 6.208947e+010 
8.795096e+010 6.455288e+010 
8.616889e+010 6.696703e+010 
8.432113e+010 6.933012e+010 
8.240913e+010 7.164040e+010 
8.043440e+010 7.389615e+010 
7.839851e+010 7.609570e+010 
7.630304e+010 7.823743e+010 
7.414964e+010 8.031976e+010 
7.193999e+010 8.234115e+010 
6.967580e+010 8.430012e+010 
6.735882e+010 8.619523e+010 
6.499086e+010 8.802508e+010 
6.257373e+010 8.978835e+010 
6.010929e+010 9.148374e+010 
5.759944e+010 9.311001e+010 
5.504610e+010 9.466597e+010 
5.245122e+010 9.615049e+010 
4.981677e+010 9.756249e+010 
4.714477e+010 9.890094e+010 
4.443725e+010 1.001649e+011 
4.169626e+010 1.013534e+011 
3.892388e+010 1.024656e+011 
3.612221e+010 1.035006e+011 
3.329336e+010 1.044579e+011 
3.043948e+010 1.053365e+011 
2.756271e+010 1.061360e+011 
2.466523e+010 1.068557e+011 
2.174922e+010 1.074952e+011 
1.881686e+010 1.080538e+011 
1.587038e+010 1.085313e+011 
1.291198e+010 1.089273e+011 
9.943877e+009 1.092416e+011 
6.968312e+009 1.094738e+011 
3.987516e+009 1.096238e+011 
1.003725e+009 1.096915e+011 
-1.980818e+009 1.096768e+011 
-4.963875e+009 1.095799e+011 
-7.943204e+009 1.094006e+011 
-1.091657e+010 1.091392e+011 
-1.388174e+010 1.087958e+011 
-1.683647e+010 1.083707e+011 
-1.977857e+010 1.078642e+011 
-2.270579e+010 1.072767e+011 
-2.561596e+010 1.066085e+011 
-2.850686e+010 1.058601e+011 
-3.137632e+010 1.050321e+011 
-3.422218e+010 1.041252e+011 
-3.704228e+010 1.031398e+011 
-3.983449e+010 1.020768e+011 
-4.259669e+010 1.009369e+011 
-4.532680e+010 9.972093e+010 
-4.802272e+010 9.842977e+010 
-5.068242e+010 9.706436e+010 
-5.330387e+010 9.562568e+010 
-5.588505e+010 9.411479e+010 
-5.842401e+010 9.253277e+010 
-6.091879e+010 9.088079e+010 
-6.336747e+010 8.916003e+010 
-6.576817e+010 8.737177e+010 
-6.811903e+010 8.551730e+010 
-7.041825e+010 8.359799e+010 
-7.266402e+010 8.161523e+010 
-7.485461e+010 7.957049e+010 
-7.698831e+010 7.746528e+010 
-7.906344e+010 7.530113e+010 
-8.107837e+010 7.307966e+010 
-8.303152e+010 7.080250e+010 
-8.492135e+010 6.847133e+010 
-8.674634e+010 6.608790e+010 
-8.850505e+010 6.365396e+010 
-9.019607e+010 6.117134e+010 
-9.181803e+010 5.864189e+010 
-9.336963e+010 5.606750e+010 
-9.484961e+010 5.345010e+010 
-9.625675e+010 5.079165e+010 
-9.758989e+010 4.809416e+010 
-9.884794e+010 4.535966e+010 
-1.000298e+011 4.259022e+010 
-1.011346e+011 3.978794e+010 
-1.021613e+011 3.695493e+010 
-1.031090e+011 3.409337e+010 
-1.039770e+011 3.120543e+010 
-1.047644e+011 2.829331e+010 
-1.054706e+011 2.535926e+010 
-1.060948e+011 2.240551e+010 
-1.066367e+011 1.943436e+010 
-1.070955e+011 1.644808e+010 
-1.074709e+011 1.344898e+010 
-1.077625e+011 1.043940e+010 
-1.079699e+011 7.421661e+009 
-1.080930e+011 4.398123e+009 
-1.081314e+011 1.371142e+009 
-1.080851e+011 -1.656913e+009 
-1.079540e+011 -4.683669e+009 
-1.077381e+011 -7.706745e+009 
-1.074374e+011 -1.072376e+010 
-1.070522e+011 -1.373233e+010 
-1.065826e+011 -1.673008e+010 
-1.060289e+011 -1.971463e+010 
-1.053914e+011 -2.268360e+010 
-1.046706e+011 -2.563463e+010 
-1.038669e+011 -2.856536e+010 
-1.029808e+011 -3.147344e+010 
-1.020130e+011 -3.435655e+010 
-1.009642e+011 -3.721236e+010 
-9.983504e+010 -4.003857e+010 
-9.862639e+010 -4.283290e+010 
-9.733912e+010 -4.559308e+010 
-9.597418e+010 -4.831688e+010 
-9.453258e+010 -5.100209e+010 
-9.301538e+010 -5.364651e+010 
-9.142373e+010 -5.624799e+010 
-8.975882e+010 -5.880440e+010 
-8.802192e+010 -6.131365e+010 
-8.621436e+010 -6.377367e+010 
-8.433752e+010 -6.618245e+010 
-8.239284e+010 -6.853800e+010 
-8.038184e+010 -7.083837e+010 
-7.830607e+010 -7.308166e+010 
-7.616715e+010 -7.526602e+010 
-7.396675e+010 -7.738963e+010 
-7.170661e+010 -7.945073e+010 
-6.938850e+010 -8.144760e+010 
-6.701426e+010 -8.337858e+010 
-6.458576e+010 -8.524206e+010 
-6.210494e+010 -8.703648e+010 
-5.957377e+010 -8.876034e+010 
-5.699427e+010 -9.041219e+010 
-5.436850e+010 -9.199065e+010 
-5.169858e+010 -9.349440e+010 
-4.898664e+010 -9.492216e+010 
-4.623487e+010 -9.627274e+010 
-4.344549e+010 -9.754500e+010 
-4.062075e+010 -9.873788e+010 
-3.776293e+010 -9.985035e+010 
-3.487436e+010 -1.008815e+011 
-3.195736e+010 -1.018304e+011 
-2.901431e+010 -1.026963e+011 
-2.604761e+010 -1.034785e+011 
-2.305966e+010 -1.041763e+011 
-2.005289e+010 -1.047891e+011 
-1.702977e+010 -1.053164e+011 
-1.399274e+010 -1.057577e+011 
-1.094429e+010 -1.061127e+011 
-7.886911e+009 -1.063811e+011 
-4.823090e+009 -1.065626e+011 
-1.755332e+009 -1.066572e+011 
1.313860e+009 -1.066646e+011 
4.381979e+009 -1.065850e+011 
7.446520e+009 -1.064183e+011 
1.050498e+010 -1.061648e+011 
1.355487e+010 -1.058247e+011 
1.659370e+010 -1.053981e+011 
1.961899e+010 -1.048856e+011 
2.262828e+010 -1.042876e+011 
2.561911e+010 -1.036045e+011 
2.858906e+010 -1.028369e+011 
3.153571e+010 -1.019855e+011 
3.445667e+010 -1.010511e+011 
3.734958e+010 -1.000343e+011 
4.021208e+010 -9.893618e+010 
4.304186e+010 -9.775752e+010 
4.583664e+010 -9.649937e+010 
4.859417e+010 -9.516279e+010 
5.131223e+010 -9.374890e+010 
5.398863e+010 -9.225891e+010 
5.662122e+010 -9.069406e+010 
5.920791e+010 -8.905568e+010 
6.174662e+010 -8.734514e+010 
6.423534e+010 -8.556387e+010 
6.667208e+010 -8.371338e+010 
6.905491e+010 -8.179520e+010 
7.138196e+010 -7.981093e+010 
7.365139e+010 -7.776225e+010 
7.586141e+010 -7.565084e+010 
7.801030e+010 -7.347847e+010 
8.009637e+010 -7.124693e+010 
8.211801e+010 -6.895808e+010 
8.407365e+010 -6.661380e+010 
8.596178e+010 -6.421604e+010 
8.778096e+010 -6.176677e+010 
8.952978e+010 -5.926799e+010 
9.120693e+010 -5.672176e+010 
9.281113e+010 -5.413017e+010 
9.434117e+010 -5.149532e+010 
9.579592e+010 -4.881938e+010 
9.717429e+010 -4.610451e+010 
9.847526e+010 -4.335293e+010 
9.969789e+010 -4.056685e+010 
1.008413e+011 -3.774853e+010 
1.019046e+011 -3.490025e+010 
1.028872e+011 -3.202429e+010 
1.037882e+011 -2.912297e+010 
1.046072e+011 -2.619861e+010 
1.053435e+011 -2.325355e+010 
1.059966e+011 -2.029013e+010 
1.065661e+011 -1.731071e+010 
1.070518e+011 -1.431767e+010 
1.074532e+011 -1.131336e+010 
1.077702e+011 -8.300159e+009 
1.080027e+011 -5.280448e+009 
1.081505e+011 -2.256598e+009 
1.082136e+011 7.690189e+008 
1.081921e+011 3.794034e+009 
1.080861e+011 6.816086e+009 
1.078958e+011 9.832820e+009 
1.076214e+011 1.284189e+010 
1.072632e+011 1.584097e+010 
1.068217e+011 1.882773e+010 
1.062971e+011 2.179987e+010 
1.056902e+011 2.475510e+010 
1.050013e+011 2.769116e+010 
1.042312e+011 3.060578e+010 
1.033806e+011 3.349674e+010 
1.024501e+011 3.636184e+010 
1.014405e+011 3.919889e+010 
1.003528e+011 4.200574e+010 
9.918791e+010 4.478026e+010 
9.794672e+010 4.752034e+010 
9.663031e+010 5.022393e+010 
9.523974e+010 5.288898e+010 
9.377618e+010 5.551350e+010 
9.224081e+010 5.809550e+010 
9.063488e+010 6.063306e+010 
8.895968e+010 6.312429e+010 
8.721655e+010 6.556731e+010 
8.540689e+010 6.796032e+010 
8.353214e+010 7.030153e+010 
8.159378e+010 7.258921e+010 
7.959334e+010 7.482166e+010 
7.753240e+010 7.699723e+010 
7.541256e+010 7.911432e+010 
7.323549e+010 8.117136e+010 
7.100287e+010 8.316684e+010 
6.871645e+010 8.509929e+010 
6.637799e+010 8.696730e+010 
6.398929e+010 8.876949e+010 
6.155220e+010 9.050455e+010 
5.906860e+010 9.217121e+010 
5.654037e+010 9.376825e+010 
5.396947e+010 9.529451e+010 
5.135784e+010 9.674887e+010 
4.870749e+010 9.813027e+010 
4.602043e+010 9.943771e+010 
4.329870e+010 1.006702e+011 
4.054437e+010 1.018270e+011 
3.775952e+010 1.029071e+011 
3.494626e+010 1.039097e+011 
3.210671e+010 1.048342e+011 
2.924303e+010 1.056799e+011 
2.635736e+010 1.064462e+011 
2.345189e+010 1.071324e+011 
2.052879e+010 1.077382e+011 
1.759028e+010 1.082630e+011 
1.463856e+010 1.087065e+011 
1.167584e+010 1.090684e+011 
8.704355e+009 1.093484e+011 
5.726336e+009 1.095463e+011 
2.744019e+009 1.096620e+011 
